99311642        1.6710  0.0524
99312198        1.6677  0.0444
99312755        1.6742  0.0605
99313312        1.6677  0.0444
99313869        1.6710  0.0524
99314427        1.6677  0.0444
99314984        1.6645  0.0363
99315542        1.6677  0.0444
99316099        1.6710  0.0524
99316656        1.6710  0.0524
99317212        1.6710  0.0524
99317769        1.6710  0.0524
99318326        1.6710  0.0524
99318883        1.6710  0.0524
99319441        1.6677  0.0444
99319998        1.6677  0.0444
99320556        1.6677  0.0444
99321113        1.6710  0.0524
99321670        1.6710  0.0524
99322226        1.6710  0.0524
99322783        1.6677  0.0444
99323341        1.6677  0.0444
99323898        1.6710  0.0524
99324456        1.6677  0.0444
99325013        1.6710  0.0524
99325570        1.6677  0.0444
99326127        1.6710  0.0524
99326684        1.6677  0.0444
99327241        1.6710  0.0524
99327797        1.6677  0.0444
99328354        1.6742  0.0605
99328911        1.6710  0.0524
99329469        1.6710  0.0524
99330026        1.6677  0.0444
99330583        1.6677  0.0444
99331140        1.6677  0.0444
99331697        1.6677  0.0444
99332254        1.6677  0.0444
99332810        1.6710  0.0524
99333368        1.6710  0.0524
99333925        1.6677  0.0444
99334483        1.6710  0.0524
99335040        1.6677  0.0444
99335597        1.6677  0.0444
99336154        1.6645  0.0363
99336711        1.6710  0.0524
99337267        1.6710  0.0524
99337824        1.6677  0.0444
99338382        1.6677  0.0444
99338939        1.6645  0.0363
99339497        1.6677  0.0444
99340054        1.6677  0.0444
99340611        1.6710  0.0524
99341168        1.6677  0.0444
99341725        1.6710  0.0524
99342281        1.6710  0.0524
99342838        1.6677  0.0444
99343396        1.6677  0.0444
99343953        1.6710  0.0524
99344511        1.6710  0.0524
99345068        1.6710  0.0524
99345625        1.6677  0.0444
99346182        1.6677  0.0444
99346739        1.6677  0.0444
99347295        1.6806  0.0766
99347852        1.6710  0.0524
99348410        1.6677  0.0444
99348967        1.6645  0.0363
99349525        1.6710  0.0524
99350082        1.6677  0.0444
99350639        1.6742  0.0605
99351196        1.6710  0.0524
99351753        1.6645  0.0363
99352309        1.6710  0.0524
99352866        1.6710  0.0524
99353424        1.6677  0.0444
99353981        1.6710  0.0524
99354539        1.6677  0.0444
99355096        1.6710  0.0524
99355653        1.6677  0.0444
99356210        1.6710  0.0524
99356767        1.6677  0.0444
99357323        1.6710  0.0524
99357880        1.6677  0.0444
99358438        1.6677  0.0444
99358995        1.6710  0.0524
99359553        1.6710  0.0524
99360110        1.6677  0.0444
99360667        1.6677  0.0444
99361224        1.6710  0.0524
99361781        1.6710  0.0524
99362339        1.6710  0.0524
99362895        1.6677  0.0444
99363453        1.6710  0.0524
99364010        1.6710  0.0524
99364567        1.6710  0.0524
99365124        1.6677  0.0444
99365681        1.6710  0.0524
99366238        1.6677  0.0444
99366795        1.6677  0.0444
99367352        1.6710  0.0524
99367909        1.6645  0.0363
99368467        1.6677  0.0444
99369023        1.6677  0.0444
99369580        1.6677  0.0444
99370137        1.6710  0.0524
99370694        1.6710  0.0524
99371251        1.6710  0.0524
99371808        1.6677  0.0444
99372366        1.6710  0.0524
99372923        1.6710  0.0524
99373481        1.6710  0.0524
99374037        1.6677  0.0444
99374594        1.6710  0.0524
99375151        1.6710  0.0524