9838006 1.6677  0.0444
9838337 1.6645  0.0363
9838669 1.6677  0.0444
9839002 1.6677  0.0444
9839336 1.6645  0.0363
9839669 1.6645  0.0363
9840002 1.6677  0.0444
9840334 1.6677  0.0444
9840668 1.6677  0.0444
9841002 1.6645  0.0363
9841334 1.6677  0.0444
9841667 1.6645  0.0363
9842002 1.6645  0.0363
9842332 1.6677  0.0444
9842666 1.6677  0.0444
9842999 1.6645  0.0363
9843332 1.6806  0.0766
9843664 1.6645  0.0363
9843998 1.6710  0.0524
9844330 1.6710  0.0524
9844664 1.6645  0.0363
9844997 1.6645  0.0363
9845330 1.6710  0.0524
9845662 1.6645  0.0363
9845996 1.6677  0.0444
9846328 1.6677  0.0444
9846662 1.6710  0.0524
9846994 1.6677  0.0444
9847328 1.6645  0.0363
9847660 1.6677  0.0444
9847994 1.6677  0.0444
9848327 1.6677  0.0444
9848660 1.6677  0.0444
9848992 1.6645  0.0363
9849325 1.6677  0.0444
9849659 1.6645  0.0363
9849992 1.6677  0.0444
9850325 1.6677  0.0444
9850657 1.6645  0.0363
9850991 1.6677  0.0444
9851323 1.6645  0.0363
9851657 1.6645  0.0363
9851989 1.6677  0.0444
9852323 1.6677  0.0444
9852655 1.6645  0.0363
9852989 1.6677  0.0444
9853322 1.6677  0.0444
9853655 1.6677  0.0444
9853987 1.6677  0.0444
9854320 1.6645  0.0363
9854654 1.6677  0.0444
9854987 1.6677  0.0444
9855320 1.6645  0.0363
9855652 1.6677  0.0444
9855986 1.6677  0.0444
9856320 1.6645  0.0363
9856652 1.6677  0.0444
9856984 1.6710  0.0524
9857318 1.6677  0.0444
9857651 1.6645  0.0363
9857984 1.6677  0.0444
9858317 1.6645  0.0363
9858649 1.6645  0.0363
9858983 1.6677  0.0444
9859315 1.6677  0.0444
9859649 1.6645  0.0363
9859981 1.6613  0.0282
9860315 1.6645  0.0363
9860647 1.6677  0.0444
9860981 1.6645  0.0363
9861314 1.6677  0.0444
9861647 1.6677  0.0444
9861979 1.6645  0.0363
9862312 1.6645  0.0363
9862646 1.6645  0.0363
9862979 1.6677  0.0444
9863312 1.6645  0.0363
9863644 1.6677  0.0444
9863978 1.6645  0.0363
9864311 1.6677  0.0444
9864644 1.6677  0.0444
9864976 1.6677  0.0444
9865309 1.6677  0.0444
9865643 1.6677  0.0444
9865975 1.6645  0.0363
9866309 1.6645  0.0363
9866641 1.6677  0.0444
9866975 1.6645  0.0363
9867308 1.6677  0.0444
9867641 1.6645  0.0363
9867974 1.6677  0.0444
9868306 1.6645  0.0363
9868640 1.6710  0.0524
9868972 1.6677  0.0444
9869306 1.6645  0.0363
9869639 1.6645  0.0363
9869972 1.6677  0.0444
9870305 1.6677  0.0444
9870637 1.6677  0.0444
9870971 1.6645  0.0363
9871304 1.6677  0.0444
9871637 1.6645  0.0363
9871969 1.6677  0.0444
9872302 1.6677  0.0444
9872636 1.6645  0.0363
9872969 1.6677  0.0444
9873302 1.6677  0.0444
9873634 1.6677  0.0444
9873968 1.6710  0.0524
9874301 1.6677  0.0444
9874634 1.6645  0.0363
9874966 1.6645  0.0363
9875299 1.6645  0.0363
9875633 1.6677  0.0444
9875966 1.6677  0.0444
9876299 1.6677  0.0444
9876633 1.6677  0.0444
9876965 1.6677  0.0444
9877298 1.6645  0.0363
9877630 1.6645  0.0363
9877964 1.6645  0.0363
9878297 1.6677  0.0444
9878630 1.6710  0.0524
9878962 1.6677  0.0444
9879295 1.6677  0.0444
9879629 1.6710  0.0524
9879961 1.6677  0.0444
9880294 1.6645  0.0363
9880628 1.6645  0.0363
9880961 1.6645  0.0363
9881294 1.6645  0.0363
9881626 1.6645  0.0363
9881960 1.6677  0.0444
9882293 1.6645  0.0363
9882626 1.6645  0.0363
9882959 1.6645  0.0363
9883291 1.6677  0.0444
9883625 1.6645  0.0363
9883957 1.6677  0.0444
9884290 1.6677  0.0444
9884624 1.6677  0.0444
9884957 1.6710  0.0524
9885290 1.6645  0.0363
9885622 1.6677  0.0444
9885956 1.6645  0.0363
9886289 1.6677  0.0444
9886621 1.6677  0.0444
9886955 1.6677  0.0444
9887288 1.6677  0.0444
9887621 1.6710  0.0524
9887953 1.6645  0.0363
9888286 1.6677  0.0444
9888620 1.6645  0.0363
9888952 1.6645  0.0363
9889285 1.6677  0.0444
9889619 1.6677  0.0444
9889952 1.6677  0.0444
9890285 1.6677  0.0444
9890617 1.6677  0.0444
9890951 1.6645  0.0363
9891284 1.6677  0.0444
9891616 1.6677  0.0444
9891950 1.6710  0.0524
9892283 1.6645  0.0363
9892616 1.6677  0.0444
9892949 1.6645  0.0363
9893282 1.6677  0.0444
9893615 1.6677  0.0444
9893947 1.6677  0.0444
9894280 1.6677  0.0444
9894614 1.6677  0.0444
9894946 1.6677  0.0444
9895279 1.6677  0.0444
9895613 1.6645  0.0363
9895946 1.6645  0.0363
9896279 1.6645  0.0363
9896612 1.6677  0.0444
9896945 1.6645  0.0363
9897278 1.6677  0.0444
9897610 1.6677  0.0444
9897944 1.6710  0.0524
9898277 1.6677  0.0444
9898609 1.6677  0.0444
9898943 1.6645  0.0363
9899276 1.6677  0.0444
9899609 1.6677  0.0444
9899942 1.6645  0.0363
9900275 1.6613  0.0282
9900608 1.6645  0.0363
9900940 1.6677  0.0444
9901274 1.6677  0.0444
9901607 1.6677  0.0444
9901939 1.6677  0.0444
9902272 1.6645  0.0363
9902606 1.6710  0.0524
9902938 1.6677  0.0444
9903271 1.6710  0.0524
9903605 1.6677  0.0444
9903938 1.6645  0.0363
9904270 1.6677  0.0444
9904604 1.6645  0.0363
9904937 1.6677  0.0444
9905269 1.6645  0.0363
9905603 1.6677  0.0444
9905936 1.6677  0.0444
9906269 1.6645  0.0363
9906602 1.6645  0.0363
9906935 1.6645  0.0363
9907268 1.6677  0.0444
9907600 1.6677  0.0444
9907934 1.6677  0.0444
9908267 1.6677  0.0444
9908599 1.6645  0.0363
9908933 1.6677  0.0444
9909266 1.6677  0.0444
9909598 1.6677  0.0444
9909932 1.6677  0.0444
9910265 1.6677  0.0444
9910597 1.6677  0.0444
9910931 1.6677  0.0444
9911264 1.6677  0.0444
9911596 1.6710  0.0524
9911930 1.6645  0.0363
9912263 1.6677  0.0444
9912596 1.6677  0.0444
9912929 1.6677  0.0444
9913262 1.6645  0.0363
9913595 1.6645  0.0363
9913927 1.6710  0.0524
9914261 1.6677  0.0444
9914594 1.6645  0.0363
9914926 1.6677  0.0444
9915260 1.6645  0.0363
9915593 1.6677  0.0444
9915925 1.6677  0.0444
9916259 1.6645  0.0363
9916592 1.6645  0.0363
9916924 1.6677  0.0444
9917258 1.6677  0.0444
9917591 1.6677  0.0444