34568169        1.4419  -0.5202
34568816        1.4613  -0.4718
34634796        1.8677  0.5444
34635441        1.8903  0.6008
34636094        1.8935  0.6089
34701529        1.7129  0.1573
34702173        1.6903  0.1008
34702816        1.6710  0.0524
34768234        1.6290  -0.0524
34768881        1.6097  -0.1008
34834876        1.8742  0.5605
34835520        1.8935  0.6089
34836174        1.8968  0.6169
34901609        1.6677  0.0444
34902252        1.6032  -0.1169
34968220        1.6194  -0.0766
34968868        1.5968  -0.1331
34969526        1.5710  -0.1976
35034966        1.6613  0.0282
35035615        1.6645  0.0363
35036259        1.6645  0.0363
35101682        1.7065  0.1411
35102326        1.6839  0.0847
35168302        1.4516  -0.4960
35168950        1.4742  -0.4395
35169608        1.4935  -0.3911
35235051        1.8839  0.5847
35235694        1.8935  0.6089
35237071        1.8871  0.5927
35301754        1.6419  -0.0202
35302402        1.5806  -0.1734
35368398        1.6129  -0.0927
35369046        1.5871  -0.1573
35369703        1.5613  -0.2218
35435134        1.6581  0.0202
35435778        1.6613  0.0282
35501751        1.7000  0.1250
35502395        1.6774  0.0685
35503049        1.6613  0.0282
35568486        1.4645  -0.4637
35569133        1.4903  -0.3992
35569780        1.5097  -0.3508
35635204        1.8871  0.5927
35635848        1.8935  0.6089
35701835        1.6903  0.1008
35702480        1.6677  0.0444
35703133        1.6581  0.0202
35768572        1.6097  -0.1008
35769219        1.5903  -0.1492
35835186        1.6710  0.0524
35835829        1.6645  0.0363
35836484        1.6645  0.0363
35901917        1.6032  -0.1169
35902566        1.5452  -0.2621
35903223        1.4935  -0.3911
35968652        1.4710  -0.4476
35969299        1.5000  -0.3750
36035280        1.8903  0.6008
36035923        1.8903  0.6008
36036577        1.8968  0.6169
36102014        1.6742  0.0605
36102657        1.6645  0.0363
36103300        1.6516  0.0040
36168719        1.6032  -0.1169
36169367        1.5774  -0.1815
36235361        1.8935  0.6089
36236005        1.9032  0.6331
36236658        1.8903  0.6008
36302093        1.5774  -0.1815
36302741        1.5194  -0.3266
36368706        1.4839  -0.4153
36369355        1.5097  -0.3508
36370012        1.5355  -0.2863
36435457        1.6581  0.0202
36436100        1.6645  0.0363
36436743        1.6613  0.0282
36502167        1.6742  0.0605
36502810        1.6581  0.0202
36568793        1.6000  -0.1250
36569441        1.5742  -0.1895
36570099        1.5613  -0.2218
36635543        1.8935  0.6089
36636186        1.8935  0.6089
36702147        1.5613  -0.2218
36702795        1.5032  -0.3669
36703452        1.4613  -0.4718
36768894        1.4935  -0.3911
36769548        1.5226  -0.3185
36770196        1.5645  -0.2137
36835620        1.6613  0.0282
36836263        1.6645  0.0363
36902247        1.6710  0.0524
36902890        1.6548  0.0121
36903544        1.6484  -0.0040
36968984        1.4903  -0.3992
36969632        1.5161  -0.3347
37035602        1.8935  0.6089
37036245        1.8935  0.6089
37036899        1.8742  0.5605
37102333        1.5323  -0.2944
37102980        1.4871  -0.4073
37103638        1.4452  -0.5121
37169067        1.5677  -0.2056
37169715        1.5290  -0.3024
37235695        1.6677  0.0444
37236339        1.6645  0.0363
37236993        1.6710  0.0524
37302428        1.6677  0.0444
37303072        1.6516  0.0040
37303715        1.6452  -0.0121
37369137        1.5065  -0.3589
37369784        1.5387  -0.2782
37435780        1.8871  0.5927
37436424        1.8806  0.5766
37437078        1.8613  0.5282
37502512        1.6516  0.0040
37503155        1.6419  -0.0202
37569121        1.5645  -0.2137
37569768        1.5516  -0.2460
37570427        1.5613  -0.2218
37635871        1.6645  0.0363
37636516        1.6677  0.0444
37637159        1.6710  0.0524
37702581        1.4935  -0.3911
37703229        1.4516  -0.4960
37769217        1.5258  -0.3105
37769864        1.5677  -0.2056
37770523        1.6129  -0.0927
37835964        1.8871  0.5927
37836609        1.8677  0.5444
37902569        1.6484  -0.0040
37903217        1.6484  -0.0040
37903874        1.6452  -0.0121
37969320        1.5581  -0.2298
37969967        1.5613  -0.2218
37971350        1.6161  -0.0847
38036036        1.8839  0.5847