11054286        1.6871  0.0927
11054929        1.6774  0.0685
11055584        1.6645  0.0363
11121022        1.5903  -0.1492
11121669        1.5935  -0.1411
11187637        1.6774  0.0685
11188280        1.6903  0.1008
11188934        1.6968  0.1169
11254369        1.6839  0.0847
11255012        1.6710  0.0524
11255666        1.6613  0.0282
11321098        1.5903  -0.1492
11321745        1.5935  -0.1411
11387713        1.6774  0.0685
11388358        1.6903  0.1008
11389011        1.6968  0.1169
11454448        1.6806  0.0766
11455101        1.6710  0.0524
11455744        1.6581  0.0202
11521167        1.5903  -0.1492
11521815        1.5935  -0.1411
11587794        1.6839  0.0847
11588438        1.6935  0.1089
11589091        1.7000  0.1250
11654528        1.6806  0.0766
11655171        1.6645  0.0363
11655815        1.6548  0.0121
11721237        1.5935  -0.1411
11721884        1.5935  -0.1411
11787872        1.6871  0.0927
11788517        1.6935  0.1089
11789170        1.7000  0.1250
11854608        1.6774  0.0685
11855252        1.6645  0.0363
11856626        1.6387  -0.0282
11921312        1.5935  -0.1411
11921959        1.5935  -0.1411
11987958        1.6871  0.0927
11988603        1.6968  0.1169
11989256        1.7032  0.1331
12054685        1.6742  0.0605
12055328        1.6645  0.0363
12121294        1.5935  -0.1411
12121941        1.5935  -0.1411
12122600        1.6032  -0.1169
12188044        1.6903  0.1008
12188688        1.6968  0.1169
12189331        1.6935  0.1089
12254754        1.6710  0.0524
12255399        1.6645  0.0363
12321380        1.5935  -0.1411
12322028        1.5935  -0.1411
12322685        1.6000  -0.1250
12388130        1.6935  0.1089
12388774        1.6968  0.1169
12454735        1.6710  0.0524
12455379        1.6581  0.0202
12456032        1.6516  0.0040
12521466        1.5903  -0.1492
12522114        1.5968  -0.1331
12522771        1.6032  -0.1169
12588206        1.6935  0.1089
12588850        1.6968  0.1169
12654817        1.6677  0.0444
12655461        1.6613  0.0282
12656115        1.6484  -0.0040
12721556        1.5903  -0.1492
12722205        1.6000  -0.1250
12722852        1.6032  -0.1169
12788276        1.6903  0.1008
12788919        1.7000  0.1250
12854908        1.6677  0.0444
12855552        1.6548  0.0121
12856205        1.6419  -0.0202
12921648        1.5903  -0.1492
12922295        1.6000  -0.1250
12988260        1.6935  0.1089
12988903        1.7000  0.1250
12989558        1.7032  0.1331
13054995        1.6677  0.0444
13055639        1.6581  0.0202
13056293        1.6452  -0.0121
13121724        1.5935  -0.1411
13122372        1.6000  -0.1250
13188347        1.6935  0.1089
13188991        1.7000  0.1250
13189645        1.7065  0.1411
13255081        1.6645  0.0363
13255724        1.6548  0.0121
13256368        1.6419  -0.0202
13321794        1.5935  -0.1411
13322442        1.6032  -0.1169
13388431        1.6968  0.1169
13389075        1.7000  0.1250
13389728        1.7065  0.1411
13455164        1.6613  0.0282
13455807        1.6484  -0.0040
13521776        1.6161  -0.0847
13522424        1.5968  -0.1331
13523082        1.6032  -0.1169
13588522        1.6968  0.1169
13589171        1.7032  0.1331
13589814        1.7032  0.1331
13655237        1.6613  0.0282
13655881        1.6484  -0.0040
13721864        1.6000  -0.1250
13722512        1.6000  -0.1250
13723170        1.6065  -0.1089
13788614        1.7000  0.1250
13789257        1.7032  0.1331
13855218        1.6645  0.0363
13855862        1.6516  0.0040
13856516        1.6387  -0.0282
13921954        1.5935  -0.1411
13922602        1.6032  -0.1169
13923260        1.6129  -0.0927
13988690        1.6968  0.1169
13989333        1.6935  0.1089
14055306        1.6581  0.0202
14055950        1.6484  -0.0040
14056608        1.6387  -0.0282
14122050        1.5968  -0.1331
14122698        1.6065  -0.1089
14188666        1.7000  0.1250
14189310        1.7032  0.1331
14189963        1.7097  0.1492
14255398        1.6613  0.0282
14256041        1.6484  -0.0040
14256699        1.6323  -0.0444
14322138        1.5935  -0.1411
14322785        1.6065  -0.1089
14388755        1.7000  0.1250
14389399        1.7032  0.1331
14390052        1.7065  0.1411
14455489        1.6548  0.0121
14456137        1.6419  -0.0202
14456784        1.6323  -0.0444
14522207        1.6000  -0.1250
14522855        1.6065  -0.1089
14588845        1.7032  0.1331
14589490        1.7065  0.1411
14590143        1.7129  0.1573
14655578        1.6516  0.0040
14656221        1.6419  -0.0202
14722190        1.5968  -0.1331
14722838        1.6032  -0.1169
14723496        1.6097  -0.1008
14788936        1.7032  0.1331
14789585        1.7097  0.1492
14790228        1.7097  0.1492
14855652        1.6548  0.0121
14856295        1.6452  -0.0121
14922278        1.5968  -0.1331
14922926        1.6065  -0.1089
14923584        1.6129  -0.0927
14989028        1.7032  0.1331
14989672        1.7065  0.1411
15055633        1.6419  -0.0202
15056280        1.6419  -0.0202
15056937        1.6323  -0.0444
15122380        1.6000  -0.1250
15123034        1.6097  -0.1008
15123681        1.6161  -0.0847
15189105        1.7032  0.1331
15189748        1.7097  0.1492
15255732        1.6516  0.0040
15256376        1.6419  -0.0202
15257033        1.6258  -0.0605
15322477        1.6000  -0.1250
15323124        1.6065  -0.1089
15389089        1.7032  0.1331
15389732        1.7129  0.1573
15390387        1.7129  0.1573
15455824        1.6548  0.0121
15456468        1.6323  -0.0444
15457126        1.6258  -0.0605

