124192686       1.6290  -0.0524
124225796       1.7194  0.1734
124291383       1.6581  0.0202
124292027       1.6484  -0.0040
124299703       1.6097  -0.1008
124365424       1.7161  0.1653
124366068       1.7226  0.1815
124432050       1.6452  -0.0121
124432698       1.6290  -0.0524
124433357       1.6161  -0.0847
124498802       1.6000  -0.1250
124499450       1.6065  -0.1089
124565440       1.7161  0.1653
124566084       1.7194  0.1734
124566738       1.7226  0.1815
124632177       1.6387  -0.0282
124632825       1.6290  -0.0524
124698813       1.5968  -0.1331
124699463       1.6097  -0.1008
124700121       1.6194  -0.0766
124765561       1.7129  0.1573
124766205       1.7194  0.1734
124832193       1.6419  -0.0202
124832841       1.6290  -0.0524
124833500       1.6161  -0.0847
124898941       1.6000  -0.1250
124899590       1.6097  -0.1008
124965583       1.7194  0.1734
124966227       1.7194  0.1734
124966881       1.7258  0.1895
125032316       1.6355  -0.0363
125032964       1.6258  -0.0605
125098958       1.5968  -0.1331
125099607       1.6097  -0.1008
125100265       1.6161  -0.0847
125165700       1.7161  0.1653
125166345       1.7161  0.1653
125232339       1.6355  -0.0363
125232987       1.6258  -0.0605
125233646       1.6129  -0.0927
125299080       1.6000  -0.1250
125299728       1.6097  -0.1008
125365728       1.7194  0.1734
125366373       1.7194  0.1734
125367027       1.7194  0.1734
125432455       1.6355  -0.0363
125433103       1.6258  -0.0605
125499102       1.6000  -0.1250
125499750       1.6097  -0.1008
125500409       1.6194  -0.0766
125565839       1.7194  0.1734
125566484       1.7226  0.1815
125632483       1.6323  -0.0444
125633131       1.6226  -0.0685
125633789       1.6097  -0.1008
125699218       1.5968  -0.1331
125699866       1.6129  -0.0927
125765872       1.7226  0.1815
125766526       1.7226  0.1815
125767170       1.7226  0.1815
125832593       1.6226  -0.0685
125833241       1.6194  -0.0766
125899246       1.6000  -0.1250
125899894       1.6129  -0.0927
125900553       1.6258  -0.0605
125965977       1.7194  0.1734
125966622       1.7258  0.1895
126032627       1.6323  -0.0444
126033285       1.6194  -0.0766
126033933       1.6097  -0.1008
126099358       1.6000  -0.1250
126100006       1.6161  -0.0847
126166016       1.7194  0.1734
126166664       1.7194  0.1734
126167308       1.7194  0.1734
126232732       1.6323  -0.0444
126233381       1.6161  -0.0847
126299391       1.6065  -0.1089
126300044       1.6129  -0.0927
126301431       1.6452  -0.0121
126366117       1.7194  0.1734
126366761       1.7226  0.1815
126432770       1.6290  -0.0524
126433423       1.6129  -0.0927
126434810       1.5935  -0.1411
126499497       1.6097  -0.1008
126500145       1.6226  -0.0685
126566160       1.7194  0.1734
126566803       1.7194  0.1734
126568190       1.7161  0.1653
126632872       1.6258  -0.0605
126633521       1.6129  -0.0927
126699533       1.6097  -0.1008
126700182       1.6194  -0.0766
126766160       1.7226  0.1815
126766804       1.7194  0.1734
126767459       1.7065  0.1411
126832908       1.6258  -0.0605
126833561       1.6161  -0.0847
126834948       1.5935  -0.1411
126899634       1.6097  -0.1008
126900282       1.6226  -0.0685
126966298       1.7226  0.1815
126966942       1.7226  0.1815
126968328       1.7194  0.1734
127033010       1.6226  -0.0685
127033658       1.6129  -0.0927
127099671       1.6129  -0.0927
127100320       1.6226  -0.0685
127166298       1.7161  0.1653
127166942       1.7194  0.1734
127167597       1.7194  0.1734
127233048       1.6194  -0.0766
127233700       1.6097  -0.1008
127235088       1.5903  -0.1492
127299774       1.6097  -0.1008
127300423       1.6226  -0.0685
127366437       1.7258  0.1895
127367081       1.7226  0.1815
127368467       1.7161  0.1653
127433149       1.6194  -0.0766
127433797       1.6065  -0.1089
127499810       1.6129  -0.0927
127500459       1.6258  -0.0605
127566438       1.7226  0.1815
127567081       1.7226  0.1815
127567735       1.7161  0.1653
127633186       1.6194  -0.0766
127633838       1.6065  -0.1089
127635226       1.5871  -0.1573
127699912       1.6161  -0.0847
127700561       1.6258  -0.0605
127766575       1.7226  0.1815
127767219       1.7194  0.1734
127768605       1.7129  0.1573
127833287       1.6194  -0.0766
127833935       1.6032  -0.1169
127899948       1.6129  -0.0927
127900598       1.6323  -0.0444
127966575       1.7194  0.1734
127967219       1.7161  0.1653
127967873       1.7161  0.1653
128033324       1.6161  -0.0847
128033977       1.6065  -0.1089
128035363       1.5839  -0.1653
128100050       1.6194  -0.0766
128100698       1.6323  -0.0444
128166713       1.7194  0.1734
128167358       1.7194  0.1734
128168743       1.7097  0.1492
128233427       1.6161  -0.0847
128234075       1.6065  -0.1089
128300087       1.6161  -0.0847
128300735       1.6290  -0.0524
128366714       1.7226  0.1815
128367359       1.7194  0.1734
128368013       1.7161  0.1653
128433462       1.6129  -0.0927
128434115       1.6129  -0.0927
128435501       1.5839  -0.1653
128500188       1.6194  -0.0766
128500836       1.6290  -0.0524
128566851       1.7226  0.1815
128567496       1.7226  0.1815
128568881       1.7097  0.1492
128633564       1.6161  -0.0847
128634212       1.6032  -0.1169
128700225       1.6161  -0.0847
128700874       1.6355  -0.0363
128766852       1.7226  0.1815
128767497       1.7194  0.1734
128768151       1.7194  0.1734
128833600       1.6065  -0.1089
128834253       1.6032  -0.1169
128835640       1.5871  -0.1573
128900326       1.6258  -0.0605
