548943038       1.6032  -0.1169
548943686       1.6194  -0.0766
548974715       1.6710  0.0524
549009096       1.7097  0.1492
549040313       1.5871  -0.1573
549105925       1.6581  0.0202
549106571       1.6742  0.0605
549107225       1.6839  0.0847
549172677       1.7032  0.1331
549173321       1.6935  0.1089
549239292       1.5935  -0.1411
549239940       1.5871  -0.1573
549240599       1.5839  -0.1653
549306054       1.6613  0.0282
549306698       1.6774  0.0685
549372671       1.7032  0.1331
549373315       1.6968  0.1169
549373969       1.6839  0.0847
549439419       1.5903  -0.1492
549440067       1.5839  -0.1653
549506044       1.6613  0.0282
549506688       1.6742  0.0605
549507344       1.6839  0.0847
549572793       1.7000  0.1250
549573445       1.6903  0.1008
549574089       1.6774  0.0685
549639512       1.5871  -0.1573
549640160       1.5871  -0.1573
549706165       1.6645  0.0363
549706809       1.6774  0.0685
549707464       1.6903  0.1008
549772892       1.7000  0.1250
549773537       1.6935  0.1089
549839527       1.5903  -0.1492
549840175       1.5903  -0.1492
549840833       1.5839  -0.1653
549906275       1.6677  0.0444
549906919       1.6774  0.0685
549972906       1.7032  0.1331
549973551       1.6903  0.1008
549974206       1.6774  0.0685
550039650       1.5903  -0.1492
550040298       1.5839  -0.1653
550106282       1.6677  0.0444
550106926       1.6806  0.0766
550107581       1.6903  0.1008
550173029       1.6903  0.1008
550173673       1.6903  0.1008
550239644       1.5935  -0.1411
550240292       1.5871  -0.1573
550240950       1.5935  -0.1411
550306410       1.6710  0.0524
550307054       1.6839  0.0847
550373024       1.6968  0.1169
550373668       1.6839  0.0847
550374322       1.6774  0.0685
550439774       1.5903  -0.1492
550440423       1.5839  -0.1653
550506397       1.6677  0.0444
550507041       1.6871  0.0927
550507695       1.6935  0.1089
550573149       1.6968  0.1169
550573793       1.6871  0.0927
550575178       1.6613  0.0282
550639860       1.5871  -0.1573
550640509       1.5871  -0.1573
550706521       1.6742  0.0605
550707170       1.6839  0.0847
550707814       1.6935  0.1089
550773237       1.6968  0.1169
550773881       1.6839  0.0847
550839885       1.5871  -0.1573
550840534       1.5839  -0.1653
550841193       1.5774  -0.1815
550906621       1.6710  0.0524
550907265       1.6839  0.0847
550973265       1.6935  0.1089
550973909       1.6806  0.0766
550974564       1.6677  0.0444
551039995       1.5871  -0.1573
551040645       1.5871  -0.1573
551106637       1.6742  0.0605
551107281       1.6871  0.0927
551107935       1.6968  0.1169
551173376       1.6903  0.1008
551174020       1.6774  0.0685
551240001       1.5903  -0.1492
551240649       1.5871  -0.1573
551241308       1.5903  -0.1492
551306758       1.6806  0.0766
551307403       1.6935  0.1089
551373380       1.6903  0.1008
551374024       1.6806  0.0766
551374678       1.6613  0.0282
551440129       1.5871  -0.1573
551440777       1.5871  -0.1573
551506754       1.6774  0.0685
551507399       1.6903  0.1008
551508053       1.6968  0.1169
551573506       1.6871  0.0927
551574150       1.6742  0.0605
551640121       1.5871  -0.1573
551640769       1.5839  -0.1653
551641428       1.5871  -0.1573
551706882       1.6871  0.0927
551707527       1.6903  0.1008
551773500       1.6903  0.1008
551774144       1.6774  0.0685
551774798       1.6645  0.0363
551840248       1.5839  -0.1653
551840896       1.5871  -0.1573
551906873       1.6806  0.0766
551907518       1.6903  0.1008
551908172       1.7000  0.1250
551973621       1.6871  0.0927
551974274       1.6710  0.0524
551974918       1.6581  0.0202
552040342       1.5871  -0.1573
552040990       1.5903  -0.1492
552106993       1.6839  0.0847
552107638       1.6935  0.1089
552108292       1.7032  0.1331
552173720       1.6871  0.0927
552174365       1.6677  0.0444
552240357       1.5839  -0.1653
552241005       1.5903  -0.1492
552241663       1.5935  -0.1411
552307103       1.6903  0.1008
552307747       1.6935  0.1089
552373735       1.6839  0.0847
552374380       1.6677  0.0444
552375034       1.6645  0.0363
552440479       1.5839  -0.1653
552441127       1.5871  -0.1573
552507110       1.6903  0.1008
552507754       1.6935  0.1089
552508410       1.7032  0.1331
552573858       1.6774  0.0685
552574503       1.6677  0.0444
552640473       1.5871  -0.1573
552641121       1.5871  -0.1573
552641779       1.5935  -0.1411
552707237       1.6903  0.1008
552707881       1.6968  0.1169
552773852       1.6774  0.0685
552774497       1.6645  0.0363
552775151       1.6548  0.0121
552840602       1.5903  -0.1492
552841250       1.5903  -0.1492
552907226       1.6871  0.0927
552907870       1.6968  0.1169
552908525       1.7032  0.1331
552973978       1.6774  0.0685
552974623       1.6645  0.0363
552976006       1.6355  -0.0363
553040693       1.5871  -0.1573
553041342       1.5903  -0.1492
553107357       1.6935  0.1089
553108001       1.7000  0.1250
553109386       1.7161  0.1653
553174068       1.6774  0.0685
553174712       1.6645  0.0363
553240719       1.5871  -0.1573
553241378       1.5903  -0.1492
553242026       1.6000  -0.1250
553307449       1.6903  0.1008
553308093       1.7032  0.1331
553374099       1.6742  0.0605
553374743       1.6581  0.0202
553375398       1.6484  -0.0040
553440828       1.5871  -0.1573
553441477       1.5968  -0.1331
553507477       1.6968  0.1169
553508121       1.7065  0.1411
553508775       1.7097  0.1492
553574204       1.6677  0.0444