1384820996      1.6355  -0.0363
1384821329      1.2806  -0.9234
1384821663      0.9710  -1.6976
1384821995      1.2484  -1.0040
1384822328      1.5032  -0.3669
1384822662      1.6516  0.0040
1384822994      1.6742  0.0605
1384823327      1.6613  0.0282
1384823661      1.6581  0.0202
1384823993      1.6645  0.0363
1384824326      1.6645  0.0363
1384824660      1.6581  0.0202
1384824992      1.6645  0.0363
1384825325      1.6613  0.0282
1384825659      1.6774  0.0685
1384825991      1.6677  0.0444
1384826324      1.6839  0.0847
1384826658      1.6839  0.0847
1384826990      1.6806  0.0766
1384827323      1.6710  0.0524
1384827657      1.6774  0.0685
1384827989      1.6871  0.0927
1384828322      1.6710  0.0524
1384828656      1.6806  0.0766
1384828988      1.6806  0.0766
1384829321      1.6774  0.0685
1384829655      1.6710  0.0524
1384829988      1.6613  0.0282
1384830320      1.6645  0.0363
1384830653      1.6645  0.0363
1384830987      1.6613  0.0282
1384831320      2.2613  1.5282
1384831652      2.4065  1.8911
1384831986      2.0871  1.0927
1384832319      1.8194  0.4234
1384832651      1.6516  0.0040
1384832985      1.6323  -0.0444
1384833318      1.6387  -0.0282
1384833650      1.6419  -0.0202
1384833984      1.6387  -0.0282
1384834317      1.6323  -0.0444
1384834649      1.6323  -0.0444
1384834983      1.6258  -0.0605
1384835316      1.6290  -0.0524
1384835649      1.6258  -0.0605
1384835981      1.6258  -0.0605
1384836314      1.6194  -0.0766
1384836648      1.6194  -0.0766
1384836980      1.6290  -0.0524
1384837313      1.6323  -0.0444
1384837647      1.6290  -0.0524
1384837979      1.6355  -0.0363
1384838312      1.6387  -0.0282
1384838646      1.6355  -0.0363
1384838979      1.6355  -0.0363
1384839312      1.6387  -0.0282
1384839644      1.6258  -0.0605
1384839978      1.6387  -0.0282
1384840311      1.6516  0.0040
1384840643      1.6581  0.0202
1384840977      1.6419  -0.0202
1384841310      1.2258  -1.0605
1384841642      0.9613  -1.7218
1384841975      1.2387  -1.0282
1384842308      1.5065  -0.3589
1384842642      1.6581  0.0202
1384842974      1.6645  0.0363
1384843307      1.6581  0.0202
1384843641      1.6645  0.0363
1384843973      1.6677  0.0444
1384844306      1.6710  0.0524
1384844640      1.6774  0.0685
1384844973      1.6645  0.0363
1384845306      1.6742  0.0605
1384845638      1.6677  0.0444
1384845972      1.6581  0.0202
1384846305      1.6677  0.0444
1384846637      1.6710  0.0524
1384846971      1.6710  0.0524
1384847303      1.6710  0.0524
1384847637      1.6742  0.0605
1384847969      1.6677  0.0444
1384848302      1.6581  0.0202
1384848636      1.6613  0.0282
1384848968      1.6710  0.0524
1384849302      1.6548  0.0121
1384849634      1.6613  0.0282
1384849968      1.6677  0.0444
1384850301      1.6548  0.0121
1384850633      1.6645  0.0363
1384850967      1.6548  0.0121
1384851299      1.9903  0.8508
1384851633      2.4097  1.8992
1384851965      2.1097  1.1492
1384852298      1.8097  0.3992
1384852632      1.6613  0.0282
1384852964      1.6452  -0.0121
1384853298      1.6355  -0.0363
1384853630      1.6387  -0.0282
1384853964      1.6355  -0.0363
1384854297      1.6323  -0.0444
1384854629      1.6323  -0.0444
1384854962      1.6323  -0.0444
1384855295      1.6258  -0.0605
1384855629      1.6323  -0.0444
1384855961      1.6226  -0.0685
1384856294      1.6323  -0.0444
1384856628      1.6323  -0.0444
1384856961      1.6355  -0.0363
1384857294      1.6387  -0.0282
1384857626      1.6323  -0.0444
1384857960      1.6387  -0.0282
1384858293      1.6387  -0.0282
1384858626      1.6387  -0.0282
1384858958      1.6387  -0.0282
1384859291      1.6387  -0.0282
1384859625      1.6387  -0.0282
1384859957      1.6387  -0.0282
1384860291      1.6419  -0.0202
1384860623      1.6419  -0.0202
1384860957      1.6581  0.0202
1384861290      1.2000  -1.1250
1384861622      0.8903  -1.8992
1384861956      1.1968  -1.1331
1384862288      1.4903  -0.3992
1384862622      1.6516  0.0040
1384862954      1.6613  0.0282
1384863288      1.6742  0.0605
1384863620      1.6677  0.0444
1384863954      1.6613  0.0282
1384864287      1.6613  0.0282
1384864619      1.6710  0.0524
1384864953      1.6677  0.0444
1384865285      1.6677  0.0444
1384865619      1.6710  0.0524
1384865951      1.6774  0.0685
1384866285      1.6677  0.0444
1384866617      1.6806  0.0766
1384866951      1.6677  0.0444
1384867284      1.6742  0.0605
1384867616      1.6774  0.0685
1384867949      1.6806  0.0766
1384868282      1.6710  0.0524
1384868616      1.6774  0.0685
1384868948      1.6774  0.0685
1384869282      1.6581  0.0202
1384869614      1.6677  0.0444
1384869948      1.6774  0.0685
1384870280      1.6613  0.0282
1384870614      1.6613  0.0282
1384870946      1.6548  0.0121
1384871280      1.9710  0.8024
1384871612      2.4065  1.8911
1384871946      2.1613  1.2782
1384872278      1.8452  0.4879
1384872612      1.6774  0.0685
1384872944      1.6419  -0.0202
1384873277      1.6419  -0.0202
1384873610      1.6387  -0.0282
1384873944      1.6290  -0.0524
1384874277      1.6323  -0.0444
1384874609      1.6323  -0.0444
1384874943      1.6387  -0.0282
1384875275      1.6258  -0.0605
1384875609      1.6290  -0.0524
1384875941      1.6290  -0.0524
1384876275      1.6226  -0.0685
1384876607      1.6226  -0.0685
1384876941      1.6258  -0.0605
1384877273      1.6258  -0.0605
1384877607      1.6323  -0.0444
1384877939      1.6355  -0.0363
1384878273      1.6290  -0.0524
1384878605      1.6258  -0.0605
1384878939      1.6194  -0.0766
1384879271      1.6323  -0.0444
1384879605      1.6258  -0.0605
1384879937      1.6323  -0.0444
1384880270      1.6419  -0.0202
1384880603      1.6419  -0.0202
1384880937      1.6387  -0.0282
1384881270      1.0452  -1.5121
1384881602      0.7935  -2.1411
1384881936      1.1226  -1.3185
1384882268      1.4419  -0.5202
1384882602      1.6258  -0.0605
1384882934      1.6548  0.0121
1384883268      1.6645  0.0363
1384883600      1.6645  0.0363
1384883934      1.6645  0.0363
1384884266      1.6613  0.0282
1384884600      1.6645  0.0363
1384884932      1.6677  0.0444
1384885266      1.6742  0.0605
1384885598      1.6774  0.0685
1384885932      1.6710  0.0524
1384886264      1.6774  0.0685
1384886598      1.6806  0.0766
1384886930      1.6774  0.0685
1384887264      1.6710  0.0524
1384887596      1.6742  0.0605
1384887930      1.6742  0.0605
1384888262      1.6806  0.0766
1384888596      1.6710  0.0524
1384888929      1.6742  0.0605
1384889262      1.6677  0.0444
1384889594      1.6806  0.0766
1384889927      1.6806  0.0766
1384890261      1.6742  0.0605
1384890593      1.6613  0.0282
1384890927      1.6613  0.0282
1384891259      2.0903  1.1008
1384891593      2.4452  1.9879
1384891925      2.1742  1.3105
1384892259      1.8548  0.5121
1384892591      1.6903  0.1008
1393541006      1.6323  -0.0444
1393541338      1.6387  -0.0282
1393541670      1.6387  -0.0282
1393542003      1.6387  -0.0282
1393542337      1.5581  -0.2298
1393542669      0.8419  -2.0202
1393543002      0.9968  -1.6331
1393543336      1.3226  -0.8185
1393543668      1.5355  -0.2863
1393544003      1.6645  0.0363
1393544335      1.6581  0.0202
1393544667      1.6581  0.0202
1393545002      1.6645  0.0363
1393545334      1.6677  0.0444
1393545666      1.6645  0.0363
1393546001      1.6677  0.0444
1393546333      1.6613  0.0282
1393546665      1.6806  0.0766
1393546999      1.6710  0.0524
1393547332      1.6742  0.0605
1393547664      1.6839  0.0847
1393547998      1.6839  0.0847
1393548331      1.6742  0.0605
1393548663      1.6806  0.0766
1393548997      1.6774  0.0685
1393549330      1.6710  0.0524
1393549662      1.6742  0.0605
1393549996      1.6806  0.0766
1393550329      1.6774  0.0685
1393550661      1.6710  0.0524
1393550995      1.6903  0.1008
1393551328      1.6742  0.0605
1393551660      1.6645  0.0363
1393551994      1.6742  0.0605
1393552327      1.6613  0.0282
1393552659      2.3806  1.8266
1393552992      2.3548  1.7621
1393553326      2.0194  0.9234
1393553659      1.7839  0.3347
1393553991      1.6452  -0.0121
1393554325      1.6387  -0.0282
1393554658      1.6452  -0.0121
1393554990      1.6452  -0.0121
1393555323      1.6387  -0.0282
1393555657      1.6290  -0.0524
1393555989      1.6355  -0.0363
1393556322      1.6290  -0.0524
1393556656      1.6194  -0.0766
1393556988      1.6258  -0.0605
1393557321      1.6226  -0.0685
1393557655      1.6194  -0.0766
1393557987      1.6258  -0.0605
1393558320      1.6226  -0.0685
1393558654      1.6290  -0.0524
1393558986      1.6323  -0.0444
1393559319      1.6290  -0.0524
1393559653      1.6323  -0.0444
1393559985      1.6355  -0.0363
1393560318      1.6355  -0.0363
1393560652      1.6387  -0.0282
1393560985      1.6355  -0.0363
1393561318      1.6355  -0.0363
1393561650      1.6355  -0.0363
1393561984      1.6452  -0.0121
1393562317      1.6387  -0.0282
1393562649      0.9355  -1.7863
1393562983      0.9774  -1.6815
1393563316      1.2871  -0.9073
1393563648      1.5065  -0.3589
1393563982      1.6452  -0.0121
1393564315      1.6645  0.0363
1393564647      1.6677  0.0444
1393564981      1.6645  0.0363
1393565314      1.6710  0.0524
1393565647      1.6677  0.0444
1393565979      1.6710  0.0524
1393566312      1.6710  0.0524
1393566646      1.6742  0.0605
1393566978      1.6677  0.0444
1393567311      1.6710  0.0524
1393567645      1.6806  0.0766
1393567977      1.6774  0.0685
1393568310      1.6677  0.0444
1393568644      1.6645  0.0363
1393568977      1.6710  0.0524
1393569309      1.6645  0.0363
1393569642      1.6613  0.0282
1393569976      1.6677  0.0444
1393570309      1.6677  0.0444
1393570641      1.6548  0.0121
1393570975      1.6710  0.0524
1393571308      1.6645  0.0363
1393571640      1.6613  0.0282
1393571974      1.6516  0.0040
1393572307      1.6548  0.0121
1393572640      2.3742  1.8105
1393572972      2.3548  1.7621
1393573305      2.0161  0.9153
1393573639      1.7839  0.3347
1393573971      1.6323  -0.0444
1393574305      1.6355  -0.0363
1393574637      1.6323  -0.0444
1393574971      1.6355  -0.0363
1393575304      1.6323  -0.0444
1393575636      1.6355  -0.0363
1393575970      1.6419  -0.0202
1393576303      1.6290  -0.0524
1393576636      1.6290  -0.0524
1393576968      1.6387  -0.0282
1393577301      1.6290  -0.0524
1393577635      1.6226  -0.0685
1393577967      1.6290  -0.0524
1393578300      1.6419  -0.0202
1393578634      1.6355  -0.0363
1393578966      1.6290  -0.0524
1393579300      1.6323  -0.0444
1393579632      1.6387  -0.0282
1393579966      1.6258  -0.0605
1393580299      1.6355  -0.0363
1393580631      1.6484  -0.0040
1393580965      1.6419  -0.0202
1393581297      1.6355  -0.0363
1393581631      1.6419  -0.0202
1393581963      1.6516  0.0040
1393582296      1.6323  -0.0444
1393582630      0.8065  -2.1089
1393582963      0.9355  -1.7863
1393583296      1.2645  -0.9637
1393583628      1.4968  -0.3831
1393583962      1.6581  0.0202
1393584295      1.6677  0.0444
1393584627      1.6677  0.0444
1393584960      1.6677  0.0444
1393585293      1.6677  0.0444
1393585627      1.6677  0.0444
1393585959      1.6645  0.0363
1393586292      1.6677  0.0444
1393586625      1.6710  0.0524
1393586959      1.6742  0.0605
1393587292      1.6710  0.0524
1393587624      1.6806  0.0766
1393587958      1.6806  0.0766
1393588290      1.6645  0.0363
1393588624      1.6677  0.0444
1393588956      1.6742  0.0605
1393589289      1.6774  0.0685
1393589623      1.6806  0.0766
1393589955      1.6774  0.0685
1393590289      1.6710  0.0524
1393590621      1.6613  0.0282
1393590955      1.6710  0.0524
1393591287      1.6645  0.0363
1393591621      1.6968  0.1169
1393591953      1.6581  0.0202
1393592286      1.6581  0.0202
1393592620      2.3806  1.8266
1393592953      2.3710  1.8024
1393593286      2.0419  0.9798
1393593618      1.7839  0.3347