222149581       1.6581  0.0202
222149915       2.3581  1.7702
222150247       2.2097  1.3992
222150581       2.0065  0.8911
222150913       1.8129  0.4073
222151247       1.6581  0.0202
222151580       1.6452  -0.0121
222151912       1.6419  -0.0202
222152246       1.6452  -0.0121
222152578       1.6387  -0.0282
222152912       1.6484  -0.0040
222153244       1.6419  -0.0202
222153578       1.6387  -0.0282
222153911       1.6355  -0.0363
222154243       1.6387  -0.0282
222154577       1.6419  -0.0202
222154909       1.6387  -0.0282
222155243       1.6419  -0.0202
222155575       1.6452  -0.0121
222155909       1.6419  -0.0202
222156242       1.6452  -0.0121
222156574       1.6419  -0.0202
222156908       1.6516  0.0040
222157240       1.6452  -0.0121
222157574       1.6484  -0.0040
222157906       1.6516  0.0040
222158239       1.6452  -0.0121
222158573       1.6419  -0.0202
222158905       1.6548  0.0121
222159239       1.6581  0.0202
222159571       1.6613  0.0282
222159905       1.1355  -1.2863
222160238       1.1129  -1.3427
222160570       1.3065  -0.8589
222160904       1.4903  -0.3992
222161236       1.6226  -0.0685
222161570       1.6806  0.0766
222161903       1.6774  0.0685
228491475       1.6452  -0.0121
228491807       1.6452  -0.0121
228492140       1.6387  -0.0282
228492472       1.6452  -0.0121
228492806       1.6355  -0.0363
228493138       1.6355  -0.0363
228493472       1.6387  -0.0282
228493804       1.6323  -0.0444
228494137       1.6387  -0.0282
228494471       1.6613  0.0282
228494804       1.6323  -0.0444
228495136       1.6387  -0.0282
228495470       1.6355  -0.0363
228495803       1.6387  -0.0282
228496135       1.6452  -0.0121
228496469       1.6452  -0.0121
228496802       1.6452  -0.0121
228497135       1.6484  -0.0040
228497467       1.6452  -0.0121
228497800       1.0452  -1.5121
228498133       0.9968  -1.6331
228498467       1.3065  -0.8589
228498800       1.5000  -0.3750
228499132       1.6129  -0.0927
228499466       1.6677  0.0444
228499799       1.6774  0.0685
228500132       1.6742  0.0605
228500464       1.6742  0.0605
228500797       1.6710  0.0524
228501131       1.6806  0.0766
228501463       1.6774  0.0685
228501796       1.6839  0.0847
228502129       1.6839  0.0847
228502463       1.6839  0.0847
228502796       1.6871  0.0927
228503129       1.6903  0.1008
228503461       1.6839  0.0847
228503795       1.6839  0.0847
228504128       1.6839  0.0847
228504460       1.6839  0.0847
228504794       1.6903  0.1008
228505126       1.6774  0.0685
228505460       1.6839  0.0847
228505793       1.6871  0.0927
228506126       1.6774  0.0685
228506459       1.6806  0.0766
228506791       1.6742  0.0605
228507124       1.6742  0.0605
228507458       1.6742  0.0605
228507790       1.9323  0.7056
228508123       2.2806  1.5766
228508457       2.0323  0.9556
228508789       1.8387  0.4718
228509122       1.7161  0.1653
228509455       1.6484  -0.0040
228509789       1.6484  -0.0040
228510121       1.6419  -0.0202
228510454       1.6484  -0.0040
228510788       1.6452  -0.0121
228511121       1.6419  -0.0202
228511454       1.6387  -0.0282
228511786       1.6355  -0.0363
228512120       1.6387  -0.0282
228512453       1.6355  -0.0363
228512785       1.6387  -0.0282
228513118       1.6355  -0.0363
228513451       1.6387  -0.0282
228513785       1.6419  -0.0202
228514117       1.6387  -0.0282
228514450       1.6484  -0.0040
228514783       1.6387  -0.0282
228515117       1.6419  -0.0202
228515450       1.6419  -0.0202
228515782       1.6516  0.0040
228516115       1.6484  -0.0040
228516448       1.6452  -0.0121
228516782       1.6516  0.0040
228517114       1.6516  0.0040
228517447       1.6581  0.0202
228517781       1.0290  -1.5524
228518113       1.0129  -1.5927
228518447       1.3032  -0.8669
228518780       1.4742  -0.4395
228519113       1.5806  -0.1734
228519445       1.6710  0.0524
228519778       1.6742  0.0605
228520112       1.6742  0.0605
228520444       1.6774  0.0685
228520777       1.6774  0.0685
228521111       1.6806  0.0766
228521444       1.6839  0.0847
228521777       1.6839  0.0847
228522109       1.6871  0.0927
228522443       1.6774  0.0685
228522776       1.6839  0.0847
228523108       1.6871  0.0927
228523441       1.6774  0.0685
228523775       1.6710  0.0524
228524107       1.6806  0.0766
228524440       1.6742  0.0605
228524774       1.6774  0.0685
228525106       1.6774  0.0685
228525440       1.6677  0.0444
228525772       1.6742  0.0605
228526105       1.6710  0.0524
228526439       1.6774  0.0685
228526771       1.6710  0.0524
228527105       1.6645  0.0363
228527437       1.6613  0.0282
228527771       2.2677  1.5444
228528104       2.3452  1.7379
228528436       2.0548  1.0121
228528770       1.8581  0.5202
228529102       1.7419  0.2298
228529436       1.6548  0.0121
228529768       1.6484  -0.0040
228530101       1.6452  -0.0121
228530435       1.6419  -0.0202
228530767       1.6452  -0.0121
228531101       1.6419  -0.0202
228531433       1.6419  -0.0202
228531767       1.6452  -0.0121
228532100       1.6419  -0.0202
228532432       1.6484  -0.0040
228532766       1.6419  -0.0202
228533098       1.6355  -0.0363
228533432       1.6419  -0.0202
228533764       1.6516  0.0040
228534098       1.6419  -0.0202
228534431       1.6419  -0.0202
228534763       1.6419  -0.0202
228535097       1.6419  -0.0202
228535429       1.6419  -0.0202
228535763       1.6452  -0.0121
228536095       1.6452  -0.0121
228536428       1.6484  -0.0040
228536762       1.6710  0.0524
228537094       1.6581  0.0202
228537428       1.6516  0.0040
228537760       1.1484  -1.2540
228538094       0.9516  -1.7460
228538427       1.2710  -0.9476
228538759       1.4323  -0.5444
228539093       1.5742  -0.1895
228539425       1.6710  0.0524
228539759       1.6774  0.0685
228540091       1.6677  0.0444
228540424       1.6742  0.0605
228540758       1.6774  0.0685
228541090       1.6774  0.0685
228541424       1.6774  0.0685
228541756       1.6742  0.0605
228542090       1.6806  0.0766
228542422       1.6774  0.0685
228542755       1.6839  0.0847
228543089       1.7290  0.1976
228543421       1.6871  0.0927
228543755       1.6839  0.0847
228544087       1.6645  0.0363
228544421       1.6839  0.0847
228544753       1.6871  0.0927
228545087       1.6806  0.0766
228545420       1.6871  0.0927
228545752       1.6774  0.0685
228546086       1.6806  0.0766
228546418       1.6839  0.0847
228546752       1.6774  0.0685
228547084       1.6710  0.0524
228547418       1.6742  0.0605
228547750       2.1806  1.3266
228548084       2.3710  1.8024
228548417       2.0806  1.0766
228548749       1.8839  0.5847
228549083       1.7419  0.2298
228549415       1.6548  0.0121
228549749       1.6516  0.0040
228550081       1.6484  -0.0040
228550415       1.6484  -0.0040
228550747       1.6516  0.0040
228551081       1.6484  -0.0040
228551414       1.6484  -0.0040
228551746       1.6387  -0.0282
228552080       1.6355  -0.0363
228552412       1.6387  -0.0282
228552746       1.6355  -0.0363
228553078       1.6290  -0.0524
228553412       1.6323  -0.0444
228553744       1.6355  -0.0363
228554078       1.6323  -0.0444
228554410       1.6419  -0.0202
228554744       1.6387  -0.0282
228555076       1.6419  -0.0202
228555410       1.6419  -0.0202
228555742       1.6387  -0.0282
228556076       1.6452  -0.0121
228556408       1.6419  -0.0202
228556741       1.6387  -0.0282
228557075       1.6484  -0.0040
228557407       1.6613  0.0282
228557741       1.0839  -1.4153
228558073       0.9323  -1.7944
228558407       1.2645  -0.9637
228558739       1.4516  -0.4960
228559073       1.5677  -0.2056
228559405       1.6581  0.0202
228559739       1.6774  0.0685
228560071       1.6742  0.0605
228560405       1.6710  0.0524
228560737       1.6774  0.0685
228561071       1.6806  0.0766
228561403       1.6774  0.0685
228561737       1.6581  0.0202
228562069       1.6871  0.0927
228562403       1.6806  0.0766
228562735       1.6806  0.0766
228563069       1.6903  0.1008
228563401       1.6871  0.0927
228563735       1.6806  0.0766
228564067       1.6839  0.0847
228564401       1.6806  0.0766
228564734       1.6774  0.0685
228565067       1.6806  0.0766
228565399       1.6806  0.0766
228565733       1.6742  0.0605
228566065       1.6774  0.0685
228566399       1.6806  0.0766
228566732       1.6742  0.0605
228567065       1.6710  0.0524
228567397       1.6742  0.0605
228567731       2.1194  1.1734
228568063       2.3484  1.7460
228568397       2.0323  0.9556
228568730       1.8323  0.4556
228569063       1.7032  0.1331
228569395       1.6516  0.0040
228569729       1.6484  -0.0040
228570061       1.6419  -0.0202
228570395       1.6452  -0.0121
228570727       1.6387  -0.0282
228571061       1.6387  -0.0282
234873630       1.6387  -0.0282
234873961       1.6452  -0.0121
234874295       1.6452  -0.0121
234874628       1.6452  -0.0121
234874961       1.6452  -0.0121
234875294       1.6484  -0.0040
234875626       1.6097  -0.1008
234875960       0.8677  -1.9556
234876293       1.1032  -1.3669
234876626       1.3226  -0.8185
234876958       1.4903  -0.3992
234877292       1.6581  0.0202
234877625       1.6677  0.0444
234877957       1.6710  0.0524
234878290       1.6710  0.0524
234878623       1.6677  0.0444
234878957       1.6710  0.0524
234879289       1.6710  0.0524
234879623       1.6710  0.0524
234879956       1.6774  0.0685
234880289       1.6710  0.0524
234880622       1.6774  0.0685
234880954       1.6871  0.0927
234881288       1.6871  0.0927
234881620       1.6839  0.0847
234881953       1.6774  0.0685
234882286       1.6839  0.0847
234882619       1.6871  0.0927
234882952       1.6742  0.0605
234883286       1.6839  0.0847
234883618       1.6806  0.0766
234883951       1.6710  0.0524
234884284       1.6742  0.0605
234884618       1.6710  0.0524
234884951       1.6677  0.0444
234885283       1.6645  0.0363
234885617       1.7097  0.1492
234885951       2.4097  1.8992
234886283       2.2032  1.3831
234886616       1.9935  0.8589
234886948       1.8065  0.3911
234887282       1.6516  0.0040
234887614       1.6484  -0.0040
234887948       1.6452  -0.0121
234888281       1.6452  -0.0121
234888613       1.6452  -0.0121
234888947       1.6452  -0.0121
234889279       1.6419  -0.0202
234889613       1.6419  -0.0202
234889945       1.6355  -0.0363
234890278       1.6355  -0.0363
234890612       1.6387  -0.0282
234890944       1.6290  -0.0524
234891278       1.6290  -0.0524
234891610       1.6323  -0.0444
234891943       1.6323  -0.0444
234892277       1.6323  -0.0444
234892609       1.6387  -0.0282
234892943       1.6387  -0.0282
234893276       1.6419  -0.0202
234893608       1.6355  -0.0363
234893942       1.6355  -0.0363
234894274       1.6387  -0.0282
234894607       1.6452  -0.0121
234894941       1.6419  -0.0202
234895274       1.6452  -0.0121
234895607       1.6355  -0.0363
234895939       0.9548  -1.7379
234896273       1.0839  -1.4153
234896606       1.3097  -0.8508
234896938       1.4806  -0.4234
234897272       1.6323  -0.0444
234897605       1.6710  0.0524
234897937       1.6710  0.0524
234898271       1.6710  0.0524
234898604       1.6774  0.0685
234898936       1.6710  0.0524
234899269       1.6774  0.0685
234899602       1.6839  0.0847
234899936       1.6774  0.0685
234900268       1.6806  0.0766
234900601       1.6806  0.0766
234900935       1.6839  0.0847
234901267       1.6871  0.0927
234901600       1.6806  0.0766
234901934       1.6806  0.0766
234902266       1.6742  0.0605
234902600       1.6710  0.0524
234902933       1.6806  0.0766
234903265       1.6774  0.0685
234903599       1.6774  0.0685
234903932       1.6710  0.0524
234904265       1.6774  0.0685
234904598       1.6806  0.0766
234904931       1.6677  0.0444
234905264       1.6645  0.0363
234905597       1.7742  0.3105
234905929       2.4968  2.1169
234906263       2.2355  1.4637
234906595       2.0226  0.9315
234906928       1.8387  0.4718
234907262       1.6677  0.0444
234907594       1.6484  -0.0040
234907927       1.6419  -0.0202
234908261       1.6419  -0.0202
234908593       1.6387  -0.0282
234908926       1.6419  -0.0202
234909260       1.6419  -0.0202
234909592       1.6387  -0.0282
234909925       1.6355  -0.0363
234910259       1.6387  -0.0282
234910591       1.6419  -0.0202
234910925       1.6355  -0.0363
234911257       1.6355  -0.0363
234911591       1.6419  -0.0202
234911924       1.6452  -0.0121
234912256       1.6419  -0.0202
234912590       1.6419  -0.0202
234912923       1.6419  -0.0202
234913255       1.6419  -0.0202
234913589       1.6419  -0.0202
234913922       1.6484  -0.0040
234914254       1.6484  -0.0040
234914588       1.6484  -0.0040
234914921       1.6484  -0.0040
234915253       1.6677  0.0444
234915587       1.6548  0.0121
234915919       1.0161  -1.5847
234916252       1.0903  -1.3992
234916586       1.3419  -0.7702
234916918       1.5000  -0.3750
234917251       1.6452  -0.0121
234917585       1.6710  0.0524
234917917       1.6742  0.0605
234918250       1.6742  0.0605
234918584       1.6742  0.0605
234918917       1.6774  0.0685
234919249       1.6710  0.0524
234919583       1.6806  0.0766
234919916       1.6774  0.0685
234920248       1.6742  0.0605
234920582       1.6742  0.0605
234920915       1.6774  0.0685
234921247       1.6871  0.0927
234921580       1.6806  0.0766
234921914       1.6774  0.0685
234922246       1.6774  0.0685
234922579       1.6806  0.0766
234922913       1.6710  0.0524
234923245       1.6742  0.0605
234923578       1.6677  0.0444
234923912       1.6710  0.0524
234924244       1.6742  0.0605
234924577       1.6710  0.0524
234924911       1.6613  0.0282
234925243       1.6548  0.0121
234925576       1.6871  0.0927
234925910       2.4032  1.8831
234926242       2.2355  1.4637
234926577       1.9935  0.8589
234926909       1.8000  0.3750
234927241       1.6548  0.0121
234927575       1.6419  -0.0202
234927908       1.6484  -0.0040
234928240       1.6452  -0.0121
234928574       1.6419  -0.0202
234928907       1.6387  -0.0282
234929240       1.6419  -0.0202
234929572       1.6452  -0.0121
234929906       1.6419  -0.0202
234930239       1.6419  -0.0202
234930571       1.6419  -0.0202
234930904       1.6355  -0.0363
234931238       1.6323  -0.0444
234931570       1.6323  -0.0444
234931903       1.6419  -0.0202
234932237       1.6323  -0.0444
234932569       1.6323  -0.0444
234932903       1.6484  -0.0040
234933235       1.6258  -0.0605
234933568       1.6419  -0.0202
234933902       1.6419  -0.0202
234934234       1.6419  -0.0202
234934568       1.6419  -0.0202
234934900       1.6452  -0.0121
234935233       1.6484  -0.0040
234935567       1.6452  -0.0121
234935899       0.9613  -1.7218
234936233       1.0258  -1.5605
234936565       1.3065  -0.8589
234936899       1.4645  -0.4637
234937232       1.6323  -0.0444
234937564       1.6645  0.0363
234937898       1.6645  0.0363
234938230       1.6645  0.0363
234938563       1.6548  0.0121
234938897       1.6774  0.0685
234939229       1.6742  0.0605
234939563       1.6774  0.0685
234939895       1.6774  0.0685
234940228       1.6839  0.0847
234940562       1.6806  0.0766
234940894       1.6839  0.0847
234941228       1.6839  0.0847
234941560       1.6871  0.0927
234941894       1.6774  0.0685
234942227       1.6839  0.0847
234942559       1.6806  0.0766
234942893       1.6871  0.0927
234943225       1.6806  0.0766
234943558       1.6839  0.0847
234943892       1.6774  0.0685
234944224       1.6774  0.0685
234944558       1.6774  0.0685
234944890       1.6774  0.0685
234945223       1.6677  0.0444
234945557       1.6645  0.0363
234945889       2.2548  1.5121
234946223       2.2968  1.6169
234946555       2.0387  0.9718
234946888       1.8452  0.4879
234947222       1.6935  0.1089
234947554       1.6355  -0.0363
234947888       1.6387  -0.0282
234948220       1.6419  -0.0202
234948553       1.6484  -0.0040
234948887       1.6387  -0.0282
234949219       1.6452  -0.0121
234949553       1.6355  -0.0363
234949885       1.6387  -0.0282
234950218       1.6355  -0.0363
234950552       1.6387  -0.0282
234950884       1.6323  -0.0444
234951218       1.6290  -0.0524
234951551       1.6355  -0.0363
234951883       1.6419  -0.0202
234952217       1.6355  -0.0363
234952549       1.6419  -0.0202
234952883       1.6419  -0.0202
234953216       1.6419  -0.0202
241296334       1.6774  0.0685
241296666       1.6742  0.0605
241296998       1.6774  0.0685
241297332       1.6710  0.0524
241297665       1.6742  0.0605
241297997       1.6774  0.0685
241298330       1.6742  0.0605
241298664       1.6742  0.0605
241298996       1.6774  0.0685
241299329       1.6839  0.0847
241299663       1.6839  0.0847
241299996       1.6774  0.0685
241300329       1.6774  0.0685
241300662       1.6871  0.0927
241300994       1.6774  0.0685
241301328       1.6806  0.0766
241301661       1.6774  0.0685
241301994       1.6774  0.0685
241302326       1.6710  0.0524
241302659       1.6774  0.0685
241302992       1.6677  0.0444
241303326       1.6677  0.0444
241303659       1.6677  0.0444
241303991       1.8065  0.3911
241304324       2.2742  1.5605
241304657       2.0645  1.0363
241304991       1.8710  0.5524
241305324       1.7290  0.1976
241305657       1.6452  -0.0121
241305989       1.6516  0.0040
241306322       1.6484  -0.0040
241306656       1.6419  -0.0202
241306989       1.6419  -0.0202
241307322       1.6452  -0.0121
241307654       1.6452  -0.0121
241307987       1.6387  -0.0282
241308320       1.6323  -0.0444
241308654       1.6387  -0.0282
241308987       1.6355  -0.0363
241309320       1.6258  -0.0605
241309652       1.6323  -0.0444
241309985       1.6355  -0.0363
241310318       1.6323  -0.0444
241310652       1.6323  -0.0444
241310985       1.6387  -0.0282
241311318       1.6355  -0.0363
241311650       1.6355  -0.0363
241311983       1.6387  -0.0282
241312316       1.6419  -0.0202
241312650       1.6387  -0.0282
241312983       1.6419  -0.0202
241313316       1.6484  -0.0040
241313648       1.6452  -0.0121
241313981       0.9194  -1.8266
241314314       0.9839  -1.6653
241314648       1.2710  -0.9476
241314980       1.4419  -0.5202
241315314       1.5710  -0.1976
241315646       1.6677  0.0444
241315980       1.6710  0.0524
241316312       1.6710  0.0524
241316646       1.6710  0.0524
241316979       1.6968  0.1169
241317312       1.6774  0.0685
241317645       1.6774  0.0685
241317977       1.6806  0.0766
241318310       1.6806  0.0766
241318643       1.6839  0.0847
241318977       1.6806  0.0766
241319309       1.6871  0.0927
241319643       1.6839  0.0847
241319975       1.6774  0.0685
241320309       1.6839  0.0847
241320641       1.6710  0.0524
241320975       1.6774  0.0685
241321307       1.6806  0.0766
241321641       1.6774  0.0685
241321973       1.6774  0.0685
241322307       1.6774  0.0685
241322639       1.6742  0.0605
241322973       1.6645  0.0363
241323306       1.6742  0.0605
241323639       1.6677  0.0444
241323971       2.2839  1.5847
241324305       2.3613  1.7782
241324637       2.0548  1.0121
241324970       1.8613  0.5282
241325303       1.7323  0.2056
241325636       1.6484  -0.0040
241325970       1.6484  -0.0040
241326303       1.6419  -0.0202
241326636       1.6452  -0.0121
241326968       1.6387  -0.0282
241327301       1.6355  -0.0363
241327635       1.6323  -0.0444
241327967       1.6387  -0.0282
241328301       1.6258  -0.0605
241328633       1.6355  -0.0363
241328967       1.6355  -0.0363
241329300       1.6355  -0.0363
241329632       1.6742  0.0605
241329966       1.6484  -0.0040
241330298       1.6419  -0.0202
241330632       1.6484  -0.0040
241330964       1.6419  -0.0202
241331297       1.6419  -0.0202
241331630       1.6419  -0.0202
241331964       1.6290  -0.0524
241332297       1.6484  -0.0040
241332629       1.6452  -0.0121
241332963       1.6484  -0.0040
241333295       1.6548  0.0121
241333629       1.6581  0.0202
241333961       0.8774  -1.9315
241334294       0.9774  -1.6815
241334627       1.3000  -0.8750
241334961       1.4710  -0.4476
241335294       1.6000  -0.1250
241335626       1.6806  0.0766
241335960       1.7129  0.1573
241336292       1.6774  0.0685
241336626       1.6774  0.0685
241336958       1.6742  0.0605
241337292       1.6774  0.0685
241337624       1.6774  0.0685
241337958       1.6774  0.0685
241338291       1.6742  0.0605
241338623       1.6742  0.0605
241338956       1.6774  0.0685
241339289       1.6774  0.0685
241339623       1.6742  0.0605
241339955       1.6774  0.0685
241340289       1.6774  0.0685
241340621       1.6742  0.0605
241340955       1.6742  0.0605
241341287       1.6742  0.0605
241341621       1.6774  0.0685
241341953       1.6710  0.0524
241342286       1.6710  0.0524
241342619       1.6742  0.0605
241342953       1.6645  0.0363
241343286       1.6677  0.0444
241343618       1.6645  0.0363
241343952       2.4452  1.9879
241344284       2.3935  1.8589
241344618       2.0742  1.0605
241344950       1.8806  0.5766
241345284       1.7419  0.2298
241345616       1.6452  -0.0121
241345950       1.6387  -0.0282
241346282       1.6452  -0.0121
241346616       1.6387  -0.0282
241346948       1.6452  -0.0121
241347281       1.6452  -0.0121
241347614       1.6452  -0.0121
241347948       1.6452  -0.0121
241348281       1.6387  -0.0282
241348613       1.6419  -0.0202
241348946       1.6387  -0.0282
241349279       1.6323  -0.0444
241349613       1.6323  -0.0444
241349945       1.6387  -0.0282
241350279       1.6323  -0.0444
241350611       1.6355  -0.0363
241350945       1.6419  -0.0202
241351277       1.6355  -0.0363
241351611       1.6355  -0.0363
241351943       1.6581  0.0202
241352277       1.6452  -0.0121
241352609       1.6419  -0.0202
241352943       1.6452  -0.0121
241353275       1.6484  -0.0040
241353609       1.6516  0.0040
241353941       1.1419  -1.2702
241354275       0.9774  -1.6815
241354607       1.2581  -0.9798
241354941       1.4355  -0.5363
241355273       1.5839  -0.1653
241355607       1.6677  0.0444
241355939       1.6710  0.0524
241356273       1.6710  0.0524
241356605       1.6710  0.0524
241356939       1.6774  0.0685
241357271       1.6677  0.0444
241357605       1.6774  0.0685
241357937       1.6742  0.0605
241358271       1.6774  0.0685
241358603       1.6774  0.0685
241358937       1.6839  0.0847
241359269       1.6903  0.1008
241359603       1.6839  0.0847
241359935       1.6806  0.0766
241360269       1.6871  0.0927
241360601       1.6774  0.0685
241360935       1.6871  0.0927
241361267       1.6839  0.0847
241361601       1.6806  0.0766
241361933       1.6806  0.0766
241362267       1.6774  0.0685
241362599       1.6806  0.0766
241362932       1.6645  0.0363
241363265       1.6645  0.0363
241363599       1.6710  0.0524
241363932       2.1806  1.3266
241364265       2.3258  1.6895
241364598       2.0290  0.9476
241364930       1.8323  0.4556
241365264       1.7129  0.1573
241365596       1.6452  -0.0121
241365930       1.6484  -0.0040
241366262       1.6452  -0.0121
241366596       1.6419  -0.0202
241366928       1.6452  -0.0121
241367262       1.6452  -0.0121
241367594       1.6387  -0.0282
241367928       1.6355  -0.0363
241368260       1.6323  -0.0444
241368594       1.6323  -0.0444
241368927       1.6355  -0.0363
241369260       1.6290  -0.0524
241369593       1.6355  -0.0363
241369925       1.6355  -0.0363
241370259       1.6290  -0.0524
241370591       1.6387  -0.0282
241370925       1.6323  -0.0444
241371257       1.6419  -0.0202
241371591       1.6323  -0.0444
241371923       1.6419  -0.0202
241372257       1.6452  -0.0121
241372589       1.6387  -0.0282
241372923       1.6323  -0.0444
241373255       1.6452  -0.0121
241373589       1.6452  -0.0121
241373922       1.1774  -1.1815
241374255       0.9290  -1.8024
241374588       1.2581  -0.9798
241374920       1.4387  -0.5282
241375254       1.5645  -0.2137
241375586       1.6677  0.0444
241375920       1.6710  0.0524
247681438       2.3968  1.8669
247681770       2.1000  1.1250
247682102       1.8903  0.6008
247682436       1.7548  0.2621
247682768       1.6516  0.0040
247683102       1.6452  -0.0121
247683435       1.6355  -0.0363
247683767       1.6387  -0.0282
247684100       1.6355  -0.0363
247684434       1.6387  -0.0282
247684767       1.6387  -0.0282
247685099       1.6419  -0.0202
247685433       1.6387  -0.0282
247685766       1.6419  -0.0202
247686098       1.6355  -0.0363
247686432       1.6355  -0.0363
247686765       1.6419  -0.0202
247687097       1.6387  -0.0282
247687431       1.6387  -0.0282
247687764       1.6452  -0.0121
247688096       1.6419  -0.0202
247688429       1.6387  -0.0282
247688763       1.6484  -0.0040
247689096       1.6452  -0.0121
247689428       1.6484  -0.0040
247689762       1.6484  -0.0040
247690095       1.6484  -0.0040
247690427       1.6645  0.0363
247690761       1.6548  0.0121
247691094       1.6484  -0.0040
247691426       1.0903  -1.3992
247691760       1.2161  -1.0847
247692093       1.4097  -0.6008
247692425       1.5484  -0.2540
247692759       1.6710  0.0524
247693092       1.6742  0.0605
247693424       1.6710  0.0524
247693757       1.6710  0.0524
247694091       1.6774  0.0685
247694424       1.6710  0.0524
247694756       1.6710  0.0524
247695090       1.6742  0.0605
247695423       1.6774  0.0685
247695755       1.6742  0.0605
247696088       1.6774  0.0685
247696422       1.6806  0.0766
247696754       1.6806  0.0766
247697088       1.6806  0.0766
247697421       1.6839  0.0847
247697753       1.6806  0.0766
247698087       1.6774  0.0685
247698420       1.6839  0.0847
247698752       1.6806  0.0766
247699086       1.6774  0.0685
247699419       1.6710  0.0524
247699751       1.6710  0.0524
247700085       1.6645  0.0363
247700418       1.6710  0.0524
247700750       1.6645  0.0363
247701084       1.8258  0.4395
247701417       2.3129  1.6573
247701749       2.0839  1.0847
247702083       1.8677  0.5444
247702416       1.7323  0.2056
247702748       1.6452  -0.0121
247703082       1.6484  -0.0040
247703415       1.6452  -0.0121
247703747       1.6484  -0.0040
247704081       1.6419  -0.0202
247704414       1.6419  -0.0202
247704746       1.6419  -0.0202
247705080       1.6419  -0.0202
247705412       1.6323  -0.0444
247705745       1.6355  -0.0363
247706078       1.6387  -0.0282
247706411       1.6258  -0.0605
247706745       1.6355  -0.0363
247707077       1.6323  -0.0444
247707411       1.6323  -0.0444
247707744       1.6387  -0.0282
247708076       1.6355  -0.0363
247708410       1.6355  -0.0363
247708743       1.6387  -0.0282
247709075       1.6387  -0.0282
247709409       1.6452  -0.0121
247709742       1.6419  -0.0202
247710074       1.6355  -0.0363
247710408       1.6452  -0.0121
247710740       1.6516  0.0040
247711073       1.2774  -0.9315
247711407       0.9161  -1.8347
247711740       1.2097  -1.1008
247712072       1.4129  -0.5927
247712406       1.5645  -0.2137
247712739       1.6677  0.0444
247713071       1.6710  0.0524
247713405       1.6742  0.0605
247713738       1.6710  0.0524
247714071       1.6742  0.0605
247714404       1.6742  0.0605
247714736       1.6806  0.0766
247715070       1.6742  0.0605
247715402       1.6839  0.0847
247715736       1.6774  0.0685
247716069       1.6806  0.0766
247716401       1.6871  0.0927
247716735       1.6839  0.0847
247717068       1.6839  0.0847
247717400       1.6839  0.0847
247717734       1.6871  0.0927
247718067       1.6742  0.0605
247718399       1.6742  0.0605
247718733       1.6774  0.0685
247719066       1.6742  0.0605
247719398       1.6806  0.0766
247719732       1.6774  0.0685
247720065       1.6742  0.0605
247720397       1.6710  0.0524
247720731       1.6710  0.0524
247721063       1.6871  0.0927
247721396       2.2548  1.5121
247721730       2.1290  1.1976
247722062       1.9129  0.6573
247722396       1.7452  0.2379
247722728       1.6516  0.0040
247723062       1.6484  -0.0040
247723395       1.6484  -0.0040
247723727       1.6387  -0.0282
247724061       1.6452  -0.0121
247724394       1.6355  -0.0363
247724726       1.6355  -0.0363
247725059       1.6387  -0.0282
247725392       1.6226  -0.0685
247725725       1.6387  -0.0282
247726058       1.6419  -0.0202
247726391       1.6387  -0.0282
247726725       1.6355  -0.0363
247727057       1.6419  -0.0202
247727390       1.6419  -0.0202
247727724       1.6419  -0.0202
247728057       1.6323  -0.0444
247728390       1.6452  -0.0121
247728723       1.6419  -0.0202
247729056       1.6484  -0.0040
247729389       1.6419  -0.0202
247729721       1.6484  -0.0040
247730055       1.6484  -0.0040
247730387       1.6452  -0.0121
247730720       1.6548  0.0121
247731053       1.6387  -0.0282
247731387       1.0839  -1.4153
247731720       1.2226  -1.0685
247732053       1.4161  -0.5847
247732386       1.5677  -0.2056
247732718       1.6710  0.0524
247733052       1.6710  0.0524
247733384       1.6742  0.0605
247733717       1.6774  0.0685
247734050       1.6806  0.0766
247734383       1.6774  0.0685
247734717       1.6774  0.0685
247735049       1.6710  0.0524
247735383       1.6774  0.0685
247735716       1.6742  0.0605
247736049       1.6774  0.0685
247736382       1.6774  0.0685
247736714       1.6774  0.0685
247737048       1.6710  0.0524
247737380       1.6742  0.0605
247737713       1.6774  0.0685
247738046       1.6710  0.0524
247738379       1.6742  0.0605
247738713       1.6710  0.0524
247739045       1.6742  0.0605
247739379       1.6710  0.0524
247739711       1.6710  0.0524
247740045       1.6645  0.0363
247740378       1.6645  0.0363
247740710       1.6613  0.0282
247741044       1.8000  0.3750
247741376       2.3097  1.6492
247741710       2.1161  1.1653
247742042       1.9258  0.6895
247742376       1.7677  0.2944
247742709       1.6452  -0.0121
247743041       1.6452  -0.0121
247743375       1.6419  -0.0202
247743707       1.6419  -0.0202
247744041       1.6419  -0.0202
247744373       1.6419  -0.0202
247744707       1.6419  -0.0202
247745039       1.6484  -0.0040
247745373       1.6355  -0.0363
247745706       1.6419  -0.0202
247746039       1.6387  -0.0282
247746371       1.6355  -0.0363
247746705       1.6290  -0.0524
247747037       1.6355  -0.0363
247747371       1.6387  -0.0282
247747703       1.6323  -0.0444
247748036       1.6387  -0.0282
247748369       1.6323  -0.0444
247748703       1.6452  -0.0121
247749036       1.6419  -0.0202
247749368       1.6452  -0.0121
247749701       1.6484  -0.0040
247750034       1.6581  0.0202
247750368       1.6452  -0.0121
247750700       1.6548  0.0121
247751033       1.6548  0.0121
247751367       1.1065  -1.3589
247751700       1.2032  -1.1169
247752033       1.3935  -0.6411
247752365       1.5355  -0.2863
247752699       1.6677  0.0444
247753032       1.6742  0.0605
247753365       1.6710  0.0524
247753697       1.6677  0.0444
247754030       1.6710  0.0524
247754364       1.6742  0.0605
247754696       1.6774  0.0685
247755029       1.6742  0.0605
247755362       1.6774  0.0685
247755696       1.6806  0.0766
247756029       1.6742  0.0605
247756361       1.6839  0.0847
247756695       1.6871  0.0927
247757028       1.6871  0.0927
247757361       1.6839  0.0847
247757693       1.6871  0.0927
247758026       1.6903  0.1008
247758360       1.6871  0.0927
247758692       1.6774  0.0685
247759026       1.6774  0.0685
247759358       1.6806  0.0766
247759692       1.6806  0.0766
247760025       1.6710  0.0524
247760357       1.6774  0.0685
247760691       1.6774  0.0685
247761023       1.9290  0.6976
254096856       1.6677  0.0444
254097187       1.6742  0.0605
254097520       1.6710  0.0524
254097853       1.6645  0.0363
254098187       1.6613  0.0282
254098520       1.6613  0.0282
254098853       2.1452  1.2379
254099186       2.2194  1.4234
254099518       2.0032  0.8831
254099852       1.8258  0.4395
254100185       1.6516  0.0040
254100517       1.6452  -0.0121
254100851       1.6452  -0.0121
254101184       1.6484  -0.0040
254101516       1.6387  -0.0282
254101849       1.6387  -0.0282
254102182       1.6484  -0.0040