1758343005      1.6645  0.0363
1758343336      1.6645  0.0363
1758343670      1.6677  0.0444
1758344003      1.6613  0.0282
1758344335      1.6677  0.0444
1758344669      1.6677  0.0444
1758345002      1.6677  0.0444
1758345334      1.6710  0.0524
1758345668      1.6806  0.0766
1758346001      1.6871  0.0927
1758346333      1.6903  0.1008
1758346667      1.6968  0.1169
1758346999      1.7065  0.1411
1758347332      1.7097  0.1492
1758347666      1.7194  0.1734
1758347998      1.7161  0.1653
1758348331      1.7161  0.1653
1758348665      1.7065  0.1411
1758348997      1.6968  0.1169
1758349330      1.6806  0.0766
1758349664      1.6742  0.0605
1758349996      1.6677  0.0444
1758350329      1.6613  0.0282
1758350663      1.6516  0.0040
1758350995      1.6484  -0.0040
1758351328      1.6452  -0.0121
1758351662      1.6484  -0.0040
1758351994      1.6484  -0.0040
1758352327      1.6548  0.0121
1758352661      1.6387  -0.0282
1758352994      1.6419  -0.0202
1758353326      1.6323  -0.0444
1758353660      1.6387  -0.0282
1758353993      1.6387  -0.0282
1758354325      1.6355  -0.0363
1758354659      1.6387  -0.0282
1758354992      1.6355  -0.0363
1758355325      1.6258  -0.0605
1758355657      1.6194  -0.0766
1758355991      1.6097  -0.1008
1758356324      1.6000  -0.1250
1758356656      1.5903  -0.1492
1758356990      1.5774  -0.1815
1758357323      1.5645  -0.2137
1758357655      1.5581  -0.2298
1758357989      1.5548  -0.2379
1758358322      1.5645  -0.2137
1758358654      1.5742  -0.1895
1758358988      1.5871  -0.1573
1758359321      1.6032  -0.1169
1758359653      1.6161  -0.0847
1758359987      1.6258  -0.0605
1758360320      1.6387  -0.0282
1758360652      1.6452  -0.0121
1758360986      1.6484  -0.0040
1758361319      1.6548  0.0121
1758361651      1.6581  0.0202
1758361984      1.6581  0.0202
1758362317      1.6613  0.0282
1758362651      1.6613  0.0282
1758362983      1.6613  0.0282
1758363316      1.6645  0.0363
1758363650      1.6645  0.0363
1758363982      1.6613  0.0282
1758364315      1.6677  0.0444
1758364649      1.6677  0.0444
1758364981      1.6710  0.0524
1758365314      1.6710  0.0524
1758365648      1.6774  0.0685
1758365981      1.6806  0.0766
1758366314      1.6903  0.1008
1758366646      1.6968  0.1169
1758366980      1.7097  0.1492
1758367313      1.7129  0.1573
1758367645      1.7194  0.1734
1758367979      1.7226  0.1815
1758368312      1.7194  0.1734
1758368644      1.7129  0.1573
1758368978      1.6935  0.1089
1758369311      1.6871  0.0927
1758369644      1.6774  0.0685
1758369976      1.6710  0.0524
1758370309      1.6581  0.0202
1758370643      1.6581  0.0202
1758370975      1.6484  -0.0040
1758371308      1.6516  0.0040
1758371642      1.6452  -0.0121
1758371974      1.6419  -0.0202
1758372307      1.6516  0.0040
1758372641      1.6419  -0.0202
1758372973      1.6387  -0.0282
1758373306      1.6419  -0.0202
1758373639      1.6387  -0.0282
1758373973      1.6387  -0.0282
1758374306      1.6387  -0.0282
1758374638      1.6355  -0.0363
1758374972      1.6355  -0.0363
1758375305      1.6258  -0.0605
1758375637      1.6194  -0.0766
1758375971      1.6129  -0.0927
1758376303      1.6032  -0.1169
1758376637      1.5935  -0.1411
1758376969      1.5774  -0.1815
1758377302      1.5677  -0.2056
1758377636      1.5645  -0.2137
1758377968      1.5581  -0.2298
1758378302      1.5613  -0.2218
1758378634      1.5548  -0.2379
1758378968      1.5774  -0.1815
1758379301      1.6000  -0.1250
1758379633      1.6097  -0.1008
1758379967      1.6258  -0.0605
1758380299      1.6323  -0.0444
1758380633      1.6419  -0.0202
1758380965      1.6484  -0.0040
1758381298      1.6581  0.0202
1758381632      1.6613  0.0282
1758381964      1.6581  0.0202
1758382298      1.6677  0.0444
1758382630      1.6645  0.0363
1758382964      1.6613  0.0282
1758383297      1.6645  0.0363
1758383629      1.6645  0.0363
1758383962      1.6645  0.0363
1758384295      1.6645  0.0363
1758384629      1.6677  0.0444
1758384961      1.6710  0.0524
1758385294      1.6710  0.0524
1758385628      1.6774  0.0685
1758385961      1.6871  0.0927
1758386294      1.6903  0.1008
1758386626      1.7000  0.1250
1758386960      1.7065  0.1411
1758387293      1.7161  0.1653
1758387626      1.7226  0.1815
1758387958      1.7290  0.1976
1758388291      1.7194  0.1734
1758388625      1.7129  0.1573
1758388957      1.7032  0.1331
1758389291      1.6871  0.0927
1758389623      1.6774  0.0685
1758389957      1.6677  0.0444
1758390290      1.6613  0.0282
1758390622      1.6548  0.0121
1758390956      1.6516  0.0040
1758391288      1.6484  -0.0040
1758391622      1.6452  -0.0121
1758391954      1.6452  -0.0121
1758392288      1.6452  -0.0121
1758392620      1.6452  -0.0121
1758392954      1.6419  -0.0202
1758393287      1.6387  -0.0282
1758393619      1.6387  -0.0282
1758393953      1.6419  -0.0202
1758394285      1.6323  -0.0444
1758394619      1.6355  -0.0363
1758394951      1.6355  -0.0363
1758395285      1.6258  -0.0605
1758395617      1.6194  -0.0766
1758395951      1.6129  -0.0927
1758396284      1.6065  -0.1089
1758396616      1.5935  -0.1411
1758396949      1.5839  -0.1653
1758397282      1.5710  -0.1976
1758397616      1.5613  -0.2218
1758397948      1.5581  -0.2298
1758398282      1.5677  -0.2056
1758398614      1.5774  -0.1815
1758398948      1.5903  -0.1492
1758399280      1.6032  -0.1169
1758399614      1.6161  -0.0847
1758399946      1.6258  -0.0605
1758400280      1.6323  -0.0444
1758400612      1.6419  -0.0202
1758400946      1.6484  -0.0040
1758401278      1.6548  0.0121
1758401612      1.6581  0.0202
1758401944      1.6613  0.0282
1758402277      1.6613  0.0282
1758402610      1.6645  0.0363
1758402944      1.6645  0.0363
1758403277      1.6613  0.0282
1758403609      1.6613  0.0282
1758403943      1.6645  0.0363
1758404275      1.6645  0.0363
1758404609      1.6645  0.0363
1758404941      1.6677  0.0444
1758405275      1.6710  0.0524
1758405607      1.6774  0.0685
1758405941      1.6839  0.0847
1758406273      1.6935  0.1089
1758406607      1.7032  0.1331
1758406939      1.7129  0.1573
1758407273      1.7161  0.1653
1758407605      1.7194  0.1734
1758407939      1.7258  0.1895
1758408271      1.7226  0.1815
1758408605      1.7194  0.1734
1758408937      1.7000  0.1250
1758409270      1.6935  0.1089
1758409603      1.6806  0.0766
1758409937      1.6742  0.0605
1758410270      1.6613  0.0282
1758410602      1.6581  0.0202
1758410936      1.6581  0.0202
1758411268      1.6484  -0.0040
1758411602      1.6452  -0.0121
1758411934      1.6419  -0.0202
1758412268      1.6452  -0.0121
1758412600      1.6419  -0.0202
1758412934      1.6387  -0.0282
1758413266      1.6419  -0.0202
1758413600      1.6387  -0.0282
1758413932      1.6387  -0.0282
1758414266      1.6387  -0.0282
1758414598      1.6355  -0.0363
1758414932      1.6355  -0.0363
1758415264      1.6323  -0.0444
1758415598      1.6258  -0.0605
1758415930      1.6194  -0.0766
1758416264      1.6032  -0.1169
1758416596      1.6161  -0.0847
1758416930      1.5839  -0.1653
1758417262      1.5742  -0.1895
1758417596      1.5613  -0.2218
1758417929      1.5613  -0.2218
1758418262      1.5903  -0.1492
1758418594      1.5774  -0.1815
1758418927      1.5903  -0.1492
1758419261      1.6065  -0.1089
1758419593      1.6161  -0.0847
1758419927      1.6290  -0.0524
1758420259      1.6323  -0.0444
1758420593      1.6419  -0.0202
1758420925      1.6516  0.0040
1758421259      1.6548  0.0121
1758421591      1.6581  0.0202
1758421925      1.6581  0.0202
1758422257      1.6613  0.0282
1758422591      1.6581  0.0202
