1749654317      1.6484  -0.0040
1749654651      1.6452  -0.0121
1749654983      1.6355  -0.0363
1749655316      1.6387  -0.0282
1749655650      1.6355  -0.0363
1749655982      1.6355  -0.0363
1749656315      1.6355  -0.0363
1749656649      1.6355  -0.0363
1749656981      1.6387  -0.0282
1749657314      1.6387  -0.0282
1749657648      1.6355  -0.0363
1749657981      1.6323  -0.0444
1749658314      1.6323  -0.0444
1749658646      1.6323  -0.0444
1749658980      1.6258  -0.0605
1749659313      1.6161  -0.0847
1749659645      1.6032  -0.1169
1749659979      1.5903  -0.1492
1749660312      1.5806  -0.1734
1749660644      1.5677  -0.2056
1749660978      1.5516  -0.2460
1749661311      1.5419  -0.2702
1749661644      1.5387  -0.2782
1749661976      1.5516  -0.2460
1749662309      1.5613  -0.2218
1749662643      1.5806  -0.1734
1749662975      1.5935  -0.1411
1749663308      1.6097  -0.1008
1749663642      1.6226  -0.0685
1749663974      1.6323  -0.0444
1749664307      1.6419  -0.0202
1749664641      1.6484  -0.0040
1749664973      1.6516  0.0040
1749665306      1.6581  0.0202
1749665639      1.6581  0.0202
1749665973      1.6581  0.0202
1749666306      1.6613  0.0282
1749666638      1.6613  0.0282
1749666972      1.6613  0.0282
1749667305      1.6677  0.0444
1749667637      1.6613  0.0282
1749667971      1.6645  0.0363
1749668303      1.6645  0.0363
1749668637      1.6677  0.0444
1749668969      1.6677  0.0444
1749669302      1.6742  0.0605
1749669636      1.6806  0.0766
1749669968      1.6871  0.0927
1749670302      1.6935  0.1089
1749670634      1.7032  0.1331
1749670968      1.7097  0.1492
1749671301      1.7161  0.1653
1749671633      1.7161  0.1653
1749671967      1.7097  0.1492
1749672299      1.6968  0.1169
1749672633      1.6935  0.1089
1749672965      1.6806  0.0766
1749673298      1.6774  0.0685
1749673632      1.6677  0.0444
1749673964      1.6613  0.0282
1749674298      1.6516  0.0040
1749674630      1.6516  0.0040
1749674964      1.6452  -0.0121
1749675297      1.6484  -0.0040
1749675629      1.6452  -0.0121
1749675962      1.6452  -0.0121
1749676295      1.6419  -0.0202
1749676629      1.6387  -0.0282
1749676961      1.6355  -0.0363
1749677294      1.6387  -0.0282
1749677628      1.6387  -0.0282
1749677961      1.6387  -0.0282
1749678294      1.6355  -0.0363
1749678626      1.6258  -0.0605
1749678960      1.6258  -0.0605
1749679293      1.6161  -0.0847
1749679626      1.6065  -0.1089
1749679958      1.5968  -0.1331
1749680291      1.5839  -0.1653
1749680625      1.5710  -0.1976
1749680957      1.5323  -0.2944
1749681291      1.5484  -0.2540
1749681623      1.5484  -0.2540
1749681957      1.5548  -0.2379
1749682290      1.5677  -0.2056
1749682622      1.5839  -0.1653
1749682956      1.6000  -0.1250
1749683288      1.6097  -0.1008
1749683622      1.6516  0.0040
1749683954      1.6323  -0.0444
1749684288      1.6387  -0.0282
1749684620      1.6484  -0.0040
1749684954      1.6516  0.0040
1749685287      1.6613  0.0282
1749685619      1.6548  0.0121
1749685953      1.6581  0.0202
1749686285      1.6613  0.0282
1749686619      1.6645  0.0363
1749686951      1.6613  0.0282
1749687285      1.6645  0.0363
1749687617      1.6613  0.0282
1749687951      1.6645  0.0363
1749688284      1.6710  0.0524
1749688616      1.6710  0.0524
1749688949      1.6710  0.0524
1749689282      1.6742  0.0605
1749689616      1.6806  0.0766
1749689948      1.6903  0.1008
1749690282      1.6968  0.1169
1749690614      1.7065  0.1411
1749690948      1.7129  0.1573
1749691280      1.7194  0.1734
1749691614      1.7226  0.1815
1749691946      1.7129  0.1573
1749692280      1.7032  0.1331
1749692612      1.6935  0.1089
1749692946      1.6871  0.0927
1749693278      1.6742  0.0605
1749693612      1.6677  0.0444
1749693944      1.6613  0.0282
1749694277      1.6484  -0.0040
1749694610      1.6484  -0.0040
1749694944      1.6452  -0.0121
1749695277      1.6419  -0.0202
1749695609      1.6452  -0.0121
1749695943      1.6452  -0.0121
1749696275      1.6387  -0.0282
1749696609      1.6419  -0.0202
1749696941      1.6387  -0.0282
1749697275      1.6387  -0.0282
1749697607      1.6419  -0.0202
1749697941      1.6323  -0.0444
1749698273      1.6355  -0.0363
1749698607      1.6290  -0.0524
1749698939      1.6258  -0.0605
1749699273      1.6161  -0.0847
1749699605      1.6065  -0.1089
1749699939      1.5968  -0.1331
1749700271      1.5871  -0.1573
1749700605      1.5774  -0.1815
1749700937      1.5613  -0.2218
1749701270      1.5548  -0.2379
1749701603      1.5484  -0.2540
1749701937      1.5548  -0.2379
1749702270      1.5677  -0.2056
1749702602      1.5839  -0.1653
1749702936      1.6032  -0.1169
1749703268      1.6129  -0.0927
1749703602      1.6258  -0.0605
1749703934      1.6323  -0.0444
1749704268      1.6419  -0.0202
1749704600      1.6484  -0.0040
1749704934      1.6548  0.0121
1749705266      1.6613  0.0282
1749705600      1.6581  0.0202
1749705932      1.6581  0.0202
1749706266      1.6581  0.0202
1749706598      1.6613  0.0282
1749706932      1.6645  0.0363
1749707264      1.6677  0.0444
1749707598      1.6645  0.0363
1749707930      1.6645  0.0363
1749708264      1.6645  0.0363
1749708596      1.6677  0.0444
1749708930      1.6710  0.0524
1749709262      1.6774  0.0685
1749709596      1.6839  0.0847
1749709929      1.6903  0.1008
1749710262      1.7000  0.1250
1749710594      1.7097  0.1492
1749710927      1.7161  0.1653
1749711261      1.7161  0.1653
1749711593      1.6968  0.1169
1749711927      1.7161  0.1653
1749712259      1.7065  0.1411
1749712593      1.6935  0.1089
1749712925      1.6613  0.0282
1749713259      1.6645  0.0363
1749713591      1.6677  0.0444
1749713925      1.6645  0.0363
1749714257      1.6548  0.0121
1749714591      1.6484  -0.0040