495287006       1.6935  0.1089
495287338       1.7000  0.1250
495287670       1.7000  0.1250
495288003       1.7097  0.1492
495288337       1.7161  0.1653
495288669       1.7194  0.1734
495289002       1.7194  0.1734
495289336       1.7258  0.1895
495289668       1.7194  0.1734
495290003       1.7290  0.1976
495290335       1.7290  0.1976
495290667       1.7290  0.1976
495291002       1.7290  0.1976
495291334       1.7226  0.1815
495291666       1.7194  0.1734
495292001       1.7194  0.1734
495292333       1.7161  0.1653
495292665       1.7065  0.1411
495292999       1.7032  0.1331
495293332       1.6935  0.1089
495293664       1.6871  0.0927
495293998       1.6839  0.0847
495294331       1.6742  0.0605
495294663       1.6645  0.0363
495294997       1.6613  0.0282
495295330       1.6516  0.0040
495295662       1.6419  -0.0202
495295996       1.6323  -0.0444
495296329       1.6290  -0.0524
495296661       1.6161  -0.0847
495296995       1.6065  -0.1089
495297328       1.6032  -0.1169
495297660       1.5968  -0.1331
495297994       1.5935  -0.1411
495298327       1.5903  -0.1492
495298659       1.5903  -0.1492
495298992       1.5774  -0.1815
495299326       1.5742  -0.1895
495299659       1.5677  -0.2056
495299991       1.5710  -0.1976
495300325       1.5774  -0.1815
495300658       1.5774  -0.1815
495300990       1.5774  -0.1815
495301323       1.5677  -0.2056
495301657       1.5774  -0.1815
495301989       1.5806  -0.1734
495302322       1.5871  -0.1573
495302656       1.5968  -0.1331
495302988       1.6000  -0.1250
495303321       1.6097  -0.1008
495303655       1.6161  -0.0847
495303987       1.6258  -0.0605
495304320       1.6290  -0.0524
495304654       1.6419  -0.0202
495304986       1.6452  -0.0121
495305319       1.6548  0.0121
495305653       1.6613  0.0282
495305985       1.6710  0.0524
495306318       1.6774  0.0685
495306652       1.6871  0.0927
495306985       1.6935  0.1089
495307318       1.6968  0.1169
495307650       1.7032  0.1331
495307984       1.7097  0.1492
495308317       1.7097  0.1492
495308649       1.7194  0.1734
495308983       1.7226  0.1815
495309316       1.7258  0.1895
495309648       1.7258  0.1895
495309982       1.7290  0.1976
495310315       1.7290  0.1976
495310647       1.7290  0.1976
495310981       1.7258  0.1895
495311314       1.7226  0.1815
495311647       1.7226  0.1815
495311979       1.7194  0.1734
495312312       1.7161  0.1653
495312646       1.7097  0.1492
495312978       1.7032  0.1331
495313311       1.6935  0.1089
495313645       1.6903  0.1008
495313977       1.6839  0.0847
495314310       1.6774  0.0685
495314644       1.6645  0.0363
495314977       1.6613  0.0282
495315309       1.6516  0.0040
495315642       1.6419  -0.0202
495315976       1.6323  -0.0444
495316309       1.6226  -0.0685
495316641       1.6194  -0.0766
495316975       1.6129  -0.0927
495317308       1.6032  -0.1169
495317640       1.6000  -0.1250
495317974       1.5968  -0.1331
495318307       1.5935  -0.1411
495318640       1.5871  -0.1573
495318972       1.5806  -0.1734
495319305       1.5742  -0.1895
495319639       1.5742  -0.1895
495319971       1.5742  -0.1895
495320305       1.5742  -0.1895
495320637       1.5742  -0.1895
495320971       1.5774  -0.1815
495321304       1.5806  -0.1734
495321636       1.5806  -0.1734
495321970       1.5871  -0.1573
495322303       1.5903  -0.1492
495322636       1.5935  -0.1411
495322968       1.6000  -0.1250
495323301       1.6097  -0.1008
495323635       1.6129  -0.0927
495323967       1.6226  -0.0685
495324300       1.6290  -0.0524
495324634       1.6387  -0.0282
495324966       1.6419  -0.0202
495325300       1.6516  0.0040
495325632       1.6581  0.0202
495325966       1.6710  0.0524
495326299       1.6774  0.0685
495326631       1.6839  0.0847
495326965       1.6935  0.1089
495327297       1.7000  0.1250
495327631       1.7032  0.1331
495327963       1.7097  0.1492
495328296       1.7161  0.1653
495328630       1.7161  0.1653
495328963       1.7226  0.1815
495329296       1.7290  0.1976
495329628       1.7290  0.1976
495329962       1.7258  0.1895
495330295       1.7290  0.1976
495330627       1.7323  0.2056
495330960       1.7290  0.1976
495331293       1.7258  0.1895
495331627       1.7258  0.1895
495331959       1.7194  0.1734
495332292       1.7194  0.1734
495332625       1.7129  0.1573
495332959       1.7065  0.1411
495333292       1.7032  0.1331
495333624       1.6903  0.1008
495333958       1.6839  0.0847
495334290       1.6774  0.0685
495334624       1.6677  0.0444
495334956       1.6581  0.0202
495335289       1.6484  -0.0040
495335623       1.6452  -0.0121
495335955       1.6355  -0.0363
495336289       1.6258  -0.0605
495336621       1.6194  -0.0766
495336955       1.6097  -0.1008
495337287       1.5968  -0.1331
495337621       1.6161  -0.0847
495337953       1.5935  -0.1411
495338286       1.5839  -0.1653
495338620       1.5839  -0.1653
495338953       1.5774  -0.1815
495339286       1.5774  -0.1815
495339618       1.5806  -0.1734
495339952       1.5742  -0.1895
495340284       1.5742  -0.1895
495340618       1.5742  -0.1895
495340950       1.5774  -0.1815
495341283       1.5774  -0.1815
495341617       1.5774  -0.1815
495341950       1.5839  -0.1653
495342283       1.5871  -0.1573
495342615       1.5935  -0.1411
495342949       1.6000  -0.1250
495343281       1.6065  -0.1089
495343615       1.6161  -0.0847
495343947       1.6226  -0.0685
495344281       1.6258  -0.0605
495344613       1.6387  -0.0282
495344947       1.6419  -0.0202
495345280       1.6516  0.0040
495345613       1.6613  0.0282
495345945       1.6742  0.0605
495346278       1.6742  0.0605
495346612       1.6871  0.0927
495346944       1.6806  0.0766
495347278       1.6774  0.0685
495347610       1.7032  0.1331
495347944       1.7097  0.1492
495348276       1.7129  0.1573
495348610       1.7161  0.1653
495348942       1.7226  0.1815
495349276       1.7290  0.1976
495349608       1.7323  0.2056
495349942       1.7258  0.1895
495350274       1.7290  0.1976
495350608       1.7290  0.1976
495350940       1.7290  0.1976
495351274       1.7258  0.1895
495351606       1.7194  0.1734
495351940       1.7194  0.1734
495352273       1.7161  0.1653
495352605       1.7129  0.1573
495352938       1.7065  0.1411
495353271       1.6935  0.1089
495353605       1.6871  0.0927
495353937       1.6839  0.0847
495354271       1.6742  0.0605
495354603       1.6677  0.0444
495354937       1.6613  0.0282
495355269       1.6548  0.0121
495355603       1.6419  -0.0202
495355935       1.6323  -0.0444
495356269       1.6258  -0.0605
495356601       1.6161  -0.0847
495356935       1.6065  -0.1089
495357267       1.6065  -0.1089
495357601       1.5968  -0.1331
495357933       1.5935  -0.1411
495358267       1.5871  -0.1573
495358599       1.5839  -0.1653
495358933       1.5806  -0.1734
495359265       1.5742  -0.1895
495359599       1.5742  -0.1895
495359931       1.5742  -0.1895
495360265       1.5774  -0.1815
495360597       1.5774  -0.1815
495360931       1.5774  -0.1815
495361263       1.5774  -0.1815
495361597       1.5774  -0.1815
495361929       1.5839  -0.1653
495362263       1.5871  -0.1573
495362595       1.5935  -0.1411
495362929       1.5968  -0.1331
495363261       1.6065  -0.1089
495363595       1.6129  -0.0927
495363927       1.6194  -0.0766
495364261       1.6290  -0.0524
495364593       1.6355  -0.0363
495364927       1.6419  -0.0202
495365259       1.6516  0.0040
495365593       1.6645  0.0363
495365925       1.6677  0.0444
495366259       1.6774  0.0685
495366591       1.6871  0.0927